1:ItNr	2:Metric	3a:Time	3b:StepSize	4:||Gradient||	Time[ms]
0	-0.046739	0.000000	174.823820	0.004959	276.9
1	-0.046797	0.000000	174.823820	0.003330	68.7
2	-0.048550	0.000000	174.823820	0.006984	68.1
3	-0.046477	1.000000	166.877283	0.016524	67.6
4	-0.014846	2.000000	159.621749	0.025048	73.5
5	-0.026423	3.000000	152.970843	0.027822	69.9
6	-0.009694	4.000000	146.852009	0.023778	73.2
7	-0.041170	5.000000	141.203855	0.017400	70.8
8	-0.042314	6.000000	135.974082	0.016104	68.9
9	-0.041136	7.000000	131.117865	0.020132	69.4
10	-0.028267	8.000000	126.596560	0.021001	70.6
11	-0.044522	9.000000	122.376674	0.020600	74.0
12	-0.032300	10.000000	118.429040	0.022209	67.8
13	-0.045073	11.000000	114.728132	0.021483	67.9
14	-0.039593	12.000000	111.251522	0.019842	71.3
15	-0.048313	13.000000	107.979418	0.019134	73.8
16	-0.039995	14.000000	104.894292	0.017085	68.7
17	-0.050661	15.000000	101.980562	0.016156	70.3
18	-0.044179	16.000000	99.224330	0.014874	70.6
19	-0.052315	17.000000	96.613164	0.009836	67.8
20	-0.051221	18.000000	94.135903	0.006167	72.2
21	-0.050525	19.000000	91.782506	0.001884	70.9
22	-0.055659	20.000000	89.543908	0.003037	70.4
23	-0.056284	19.200000	91.325876	0.003533	69.8
24	-0.055890	20.200000	89.109229	0.003871	69.7
25	-0.056818	21.200000	86.997636	0.004148	70.7
26	-0.053243	22.200000	84.983802	0.003709	71.0
27	-0.054751	23.200000	83.061091	0.003134	69.5
28	-0.054985	24.200000	81.223456	0.002088	70.7
29	-0.054029	25.200000	79.465373	0.001894	68.7
30	-0.055234	24.400000	80.865644	0.001574	68.0
31	-0.054575	25.400000	79.122850	0.002587	72.1
32	-0.055894	26.400000	77.453591	0.001805	68.4
33	-0.056458	27.400000	75.853310	0.002243	69.8
34	-0.053053	28.400000	74.317818	0.001353	70.6
35	-0.054791	29.400000	72.843258	0.002295	69.3
36	-0.053790	28.600000	74.018150	0.002620	67.1
37	-0.058340	27.800000	75.231562	0.001316	69.6
38	-0.054671	28.792908	73.731388	0.002297	69.7
39	-0.054482	29.792908	72.279780	0.001721	68.2
40	-0.054787	28.992908	73.436421	0.002315	68.5
41	-0.053127	28.192908	74.630681	0.001779	71.3
42	-0.058274	29.192908	73.143804	0.002557	76.2
43	-0.058638	30.192908	71.715016	0.002180	69.9
44	-0.053908	31.192908	70.340978	0.001156	66.9
45	-0.054123	30.392908	71.435931	0.003702	68.3
46	-0.054414	31.392908	70.072465	0.002878	71.7
47	-0.053507	32.392908	68.760072	0.003085	69.4
48	-0.049146	31.592908	69.805994	0.002391	68.8
49	-0.054115	32.592908	68.503471	0.001333	67.5
50	-0.053741	33.592908	67.248666	0.001994	72.8
51	-0.055754	33.153016	67.794936	0.002392	67.0
52	-0.054661	34.153016	66.565720	0.002721	65.0
53	-0.056450	35.153016	65.380286	0.002339	72.3
54	-0.055546	36.153016	64.236334	0.001637	70.2
55	-0.051768	37.153016	63.131726	0.002317	71.9
56	-0.051491	38.153016	62.064464	0.003246	68.4
57	-0.053073	39.153016	61.032688	0.000548	68.1
58	-0.053848	39.492093	60.690580	0.001810	72.3
59	-0.056046	38.692093	61.503962	0.001805	68.5
60	-0.056539	39.692093	60.490585	0.002023	67.9
61	-0.053947	40.692093	59.510061	0.002115	67.7
62	-0.053898	39.892093	60.291904	0.002728	70.2
63	-0.057212	40.892093	59.317759	0.001229	70.8
64	-0.056397	41.892093	58.374592	0.000649	67.8
65	-0.056982	42.892093	57.460948	0.001667	73.8
66	-0.051993	43.892093	56.575463	0.001440	69.5
67	-0.055057	43.092093	57.281641	0.002359	74.1
68	-0.056874	42.292093	58.005670	0.002684	74.1
69	-0.055122	43.292093	57.103449	0.001644	70.4
70	-0.058450	44.292093	56.228864	0.001015	67.3
71	-0.054366	45.292093	55.380666	0.001889	69.6
72	-0.055249	44.492093	56.057152	0.003974	71.1
73	-0.055590	45.492093	55.214087	0.002536	68.3
74	-0.058228	46.492093	54.396005	0.001865	74.2
75	-0.056632	45.692093	55.048508	0.002242	70.6
76	-0.056286	46.692093	54.235289	0.002984	67.7
77	-0.051057	47.692093	53.445747	0.002744	69.7
78	-0.055907	48.692093	52.678863	0.001938	68.6
79	-0.053239	49.692093	51.933676	0.001719	71.4
80	-0.055257	48.892093	52.528120	0.003502	68.6
81	-0.052959	49.892093	51.787161	0.004884	67.6
82	-0.051641	49.092093	52.378237	0.003128	69.8
83	-0.055163	50.092093	51.641471	0.001193	70.3
84	-0.053748	49.298309	52.224588	0.002492	70.6
85	-0.054443	48.498309	52.825749	0.002005	69.7
86	-0.054018	49.498309	52.076430	0.003139	69.0
87	-0.052686	48.698309	52.674165	0.002974	70.8
88	-0.052623	49.698309	51.929110	0.001326	66.7
89	-0.053273	50.698309	51.204837	0.002467	71.0
90	-0.054138	49.898309	51.782621	0.002194	70.1
91	-0.055633	50.898309	51.062400	0.002559	67.4
92	-0.053333	50.098309	51.636956	0.003191	72.0
93	-0.050082	51.098309	50.920754	0.001906	68.5
94	-0.054610	52.098309	50.224147	0.003193	77.2
95	-0.054644	53.098309	49.546343	0.001724	67.6
96	-0.051815	54.098309	48.886590	0.003130	70.6
97	-0.049569	55.098309	48.244176	0.003560	70.2
98	-0.053898	56.098309	47.618427	0.003274	71.7
99	-0.052904	57.098309	47.008703	0.001941	68.4
100	-0.053402	58.094406	46.416686	0.002321	69.1
101	-0.055839	57.294406	46.890965	0.001818	70.0
102	-0.056569	57.759482	46.614073	0.003208	75.0
103	-0.061010	58.759482	46.029640	0.001796	69.5
104	-0.053103	59.759482	45.459680	0.002693	69.0
105	-0.049430	58.959489	45.914503	0.004643	69.3
106	-0.054693	59.959489	45.347374	0.002427	68.6
107	-0.054806	60.959489	44.794084	0.003571	67.7
108	-0.057749	60.159489	45.235625	0.002554	69.5
109	-0.053743	61.159489	44.685042	0.000816	71.4
110	-0.053833	60.359489	45.124426	0.002802	70.0
111	-0.055010	59.559489	45.572536	0.001242	71.7
112	-0.055804	60.559489	45.013772	0.000690	69.6
113	-0.055166	61.559025	44.468794	0.001875	68.3
114	-0.054843	62.559025	43.936609	0.004185	68.1
115	-0.053679	63.559025	43.417012	0.003316	68.8
116	-0.054592	64.559025	42.909561	0.002195	66.4
117	-0.060143	63.759025	43.314564	0.002897	67.6
118	-0.054647	64.759025	42.809491	0.002377	71.2
119	-0.052136	65.759025	42.316062	0.001910	70.5
120	-0.057454	66.759025	41.833877	0.002382	68.1
121	-0.055440	65.959025	42.218737	0.002127	71.3
122	-0.052657	66.889943	41.771562	0.001904	70.8
123	-0.054041	66.089943	42.155272	0.001548	68.3
124	-0.052026	67.089943	41.676724	0.003243	70.7
125	-0.051084	66.289943	42.058685	0.001497	72.0
126	-0.056151	65.489943	42.447713	0.003070	69.9
127	-0.056393	66.489943	41.962540	0.002026	73.4
128	-0.054121	65.689943	42.349783	0.002059	71.0
129	-0.052739	66.689943	41.866834	0.001475	69.6
130	-0.052174	65.889943	42.252304	0.002440	71.7
131	-0.053959	66.889943	41.771562	0.002372	72.0
132	-0.052876	67.889943	41.301638	0.001245	71.1
133	-0.054073	67.089943	41.676724	0.002090	63.5
134	-0.054064	68.089943	41.208919	0.002977	66.9
135	-0.055706	69.089943	40.751499	0.001837	69.2
136	-0.055601	70.089943	40.304123	0.002040	70.3
137	-0.055960	69.289943	40.661231	0.001238	70.5
138	-0.051783	70.289871	40.215855	0.002981	65.5
139	-0.056885	69.489871	40.571394	0.002061	68.0
140	-0.055121	70.476812	40.133670	0.003046	69.9
141	-0.056798	71.476812	39.699684	0.002454	71.1
142	-0.057001	70.676812	40.046116	0.002375	67.8
143	-0.053080	69.876812	40.398647	0.001470	69.6
144	-0.050946	69.076812	40.757440	0.002404	70.1
145	-0.052260	68.276812	41.122663	0.001990	71.1
146	-0.053033	67.476812	41.494490	0.002418	67.2
147	-0.052548	68.476812	41.030745	0.001611	69.9
148	-0.053303	67.676812	41.400905	0.001785	71.1
149	-0.055122	68.676812	40.939237	0.002420	72.8
150	-0.055258	69.676812	40.487751	0.002327	72.3
151	-0.053830	70.676812	40.046116	0.001522	72.1
152	-0.051775	71.676812	39.614011	0.001813	72.3
153	-0.055280	72.676812	39.191131	0.002391	72.8
154	-0.053068	73.676812	38.777185	0.001577	72.7
155	-0.052459	74.676812	38.371891	0.001102	71.6
156	-0.052214	75.676812	37.974982	0.001202	72.1
157	-0.057778	74.876812	38.291847	0.004267	73.7
158	-0.052839	74.076812	38.614044	0.002623	72.6
159	-0.053918	75.076812	38.212136	0.001149	74.0
160	-0.054195	76.076812	37.818508	0.003047	74.5
161	-0.055016	77.076812	37.432907	0.002174	67.5
162	-0.056406	78.076812	37.055090	0.003642	73.8
163	-0.057238	77.276812	37.356729	0.002668	72.4
164	-0.052203	78.276812	36.980440	0.002667	69.3
165	-0.051911	79.276812	36.611657	0.001544	69.4
166	-0.055106	80.276812	36.250156	0.001730	69.7
167	-0.056515	81.276812	35.895724	0.002468	71.6
168	-0.055427	82.276812	35.548156	0.002224	69.4
169	-0.052489	81.476812	35.825668	0.002517	71.5
170	-0.052543	82.476812	35.479449	0.001285	68.9
171	-0.050372	83.476812	35.139857	0.002379	70.1
172	-0.055957	84.476812	34.806705	0.003137	72.7
173	-0.054011	85.476812	34.479810	0.002698	66.0
174	-0.051409	86.476812	34.158998	0.002112	68.9
175	-0.055740	85.676812	34.415166	0.002363	65.9
176	-0.058408	84.876812	34.675206	0.002296	68.0
177	-0.053852	85.876812	34.350765	0.002129	69.2
178	-0.050709	86.876812	34.032339	0.000968	69.3
179	-0.055974	87.876795	33.719768	0.002028	72.5
180	-0.053088	87.076795	33.969366	0.002053	67.5
181	-0.056987	88.076795	33.657940	0.002595	66.7
182	-0.052179	87.276795	33.906621	0.001479	66.4
183	-0.050458	86.476795	34.159003	0.001807	68.6
184	-0.056240	87.476795	33.844107	0.001949	68.2
185	-0.057203	88.476795	33.534963	0.002338	68.2
186	-0.052060	89.476795	33.231415	0.001464	72.5
187	-0.055055	88.676795	33.473810	0.002293	69.5
188	-0.053562	89.676795	33.171364	0.002558	73.3
189	-0.056740	90.676795	32.874334	0.001563	71.1
190	-0.054759	89.876795	33.111529	0.001942	70.0
191	-0.056431	89.076795	33.352172	0.001585	70.8
192	-0.056832	90.076795	33.051910	0.002391	70.6
193	-0.055429	91.076795	32.757006	0.001633	68.6
194	-0.053405	90.276795	32.992505	0.002036	65.7
195	-0.052663	89.476795	33.231415	0.002745	67.2
196	-0.048675	90.476795	32.933313	0.002229	69.9
197	-0.051813	89.676795	33.171364	0.002794	67.3
198	-0.054397	90.676795	32.874334	0.001257	69.4
199	-0.055883	91.676795	32.582576	0.000978	67.7
200	-0.055867	90.876795	32.815565	0.002573	67.3
201	-0.056780	91.876795	32.524845	0.002649	69.0
202	-0.052040	92.876795	32.239230	0.002410	71.7
203	-0.052681	93.876795	31.958588	0.001527	68.2
204	-0.055464	93.076795	32.182708	0.001690	70.3
205	-0.051494	94.076795	31.903045	0.001238	67.7
206	-0.053552	93.276795	32.126384	0.003067	69.6
207	-0.054929	94.276795	31.847695	0.000608	67.9
208	-0.055972	95.276795	31.573800	0.001649	71.4
209	-0.053995	94.476795	31.792536	0.002218	68.1
210	-0.052122	95.476795	31.519585	0.003056	82.4
211	-0.052442	96.476795	31.251280	0.002554	71.2
212	-0.051634	95.676795	31.465556	0.001207	71.4
213	-0.053198	94.876795	31.682790	0.003200	66.6
214	-0.057900	94.082005	31.901601	0.001526	68.6
215	-0.053930	95.082005	31.626782	0.001694	67.9
216	-0.055918	96.082005	31.356657	0.003728	75.4
217	-0.056354	95.282005	31.572385	0.002835	69.2
218	-0.050299	96.282005	31.303184	0.001073	70.9
219	-0.054722	97.282005	31.038536	0.002745	71.3
220	-0.056254	96.482005	31.249894	0.001374	66.9
221	-0.053926	97.482005	30.986142	0.002497	68.2
222	-0.053024	96.738894	31.181712	0.001196	68.1
223	-0.053646	97.738894	30.919104	0.001077	67.2
224	-0.056086	96.938894	31.128834	0.002750	76.6
225	-0.050678	97.938894	30.867113	0.001394	70.6
226	-0.055583	98.938894	30.609756	0.002125	68.2
227	-0.056073	98.138894	30.815296	0.001312	69.1
228	-0.055826	97.338894	31.023615	0.001288	72.3
229	-0.053275	96.538894	31.234769	0.001447	70.0
230	-0.056569	97.538894	30.971271	0.002162	69.6
231	-0.055139	96.738894	31.181712	0.001321	70.3
232	-0.053505	95.938894	31.395031	0.002495	71.1
233	-0.057257	96.938894	31.128834	0.002490	68.9
234	-0.059798	97.938894	30.867113	0.002573	70.4
235	-0.056520	98.938894	30.609756	0.002950	72.0
236	-0.057918	99.938894	30.356655	0.001151	68.0
237	-0.054080	99.138894	30.558798	0.002053	69.2
238	-0.053687	100.138894	30.306536	0.001691	69.3
239	-0.056594	99.338894	30.508010	0.002976	70.7
240	-0.057072	100.338894	30.256582	0.001909	70.0
241	-0.050998	101.338894	30.009265	0.002067	69.6
242	-0.051553	102.338894	29.765957	0.003176	66.9
243	-0.056842	103.338894	29.526563	0.001862	70.7
244	-0.053820	104.338894	29.290990	0.003550	72.4
245	-0.051905	105.338894	29.059145	0.001652	71.0
246	-0.055857	106.338894	28.830942	0.001176	71.8
247	-0.056097	107.338894	28.606295	0.001421	72.0
248	-0.058477	108.338894	28.385122	0.002846	69.8
249	-0.057576	107.538894	28.561785	0.002767	70.7
250	-0.054706	108.538894	28.341297	0.001495	70.3
251	-0.055857	109.538894	28.124187	0.001117	70.4
252	-0.056080	108.738894	28.297607	0.001381	70.3
253	-0.052634	109.738714	28.081202	0.002814	70.6
254	-0.056806	110.738714	27.868044	0.002095	70.5
255	-0.054836	111.738714	27.658097	0.002186	71.2
256	-0.055323	112.738714	27.451290	0.002925	71.3
257	-0.051074	111.938714	27.616487	0.003059	71.1
258	-0.054254	112.938714	27.410299	0.001460	66.9
259	-0.052290	113.938714	27.207168	0.002630	70.1
260	-0.056399	113.138714	27.369431	0.002389	69.1
261	-0.055832	114.138714	27.166902	0.003994	68.5
262	-0.054417	115.138714	26.967349	0.003278	69.7
263	-0.056182	116.138714	26.770706	0.001990	69.7
264	-0.057176	117.138714	26.576910	0.002752	69.1
265	-0.050508	116.338714	26.731721	0.002772	71.3
266	-0.054789	117.338714	26.538487	0.001754	69.9
267	-0.051363	116.538714	26.692850	0.001892	71.2
268	-0.059021	117.538714	26.500175	0.001775	67.8
269	-0.057871	116.738714	26.654091	0.002061	68.3
270	-0.053607	117.738714	26.461974	0.001270	72.2
271	-0.057834	116.938714	26.615445	0.001829	71.5
272	-0.051933	117.938714	26.423882	0.002919	70.7
273	-0.055593	118.938714	26.235058	0.002239	69.1
274	-0.052200	119.938714	26.048913	0.002295	69.3
275	-0.056096	120.938714	25.865390	0.002145	70.5
276	-0.054170	120.138714	26.012000	0.001842	67.7
277	-0.051104	121.138714	25.828996	0.001491	68.1
278	-0.055390	122.138714	25.648548	0.002602	68.7
279	-0.056859	123.138714	25.470605	0.001472	70.2
280	-0.052303	122.338714	25.612761	0.001834	69.4
281	-0.052476	121.538714	25.756513	0.002217	68.2
282	-0.057854	122.538714	25.577073	0.002972	69.7
283	-0.055131	123.538714	25.400117	0.002834	70.6
284	-0.054264	124.538714	25.225592	0.002054	72.3
285	-0.052983	125.538714	25.053449	0.002411	67.7
286	-0.052916	126.538714	24.883640	0.001192	69.1
287	-0.056958	127.538714	24.716117	0.002095	70.9
288	-0.053678	126.738714	24.849954	0.002511	72.5
289	-0.053454	125.938714	24.985248	0.001429	71.7
290	-0.056848	126.931074	24.817641	0.002616	70.0
291	-0.053180	126.131074	24.952582	0.003278	68.0
292	-0.054098	125.331074	25.088999	0.002152	67.4
293	-0.052218	126.331074	24.918709	0.001151	68.8
294	-0.055483	127.331074	24.750716	0.001421	72.3
295	-0.055635	128.331074	24.584972	0.001020	69.7
296	-0.057088	129.331074	24.421433	0.002528	70.9
297	-0.056027	130.331074	24.260055	0.003108	71.5
298	-0.054961	131.331074	24.100797	0.002309	69.4
299	-0.056130	132.331071	23.943616	0.002418	68.0
300	-0.056053	131.531071	24.069196	0.001521	68.7
301	-0.053557	132.531071	23.912425	0.001517	68.7
302	-0.053069	133.531071	23.757683	0.002569	71.3
303	-0.054808	132.731071	23.881316	0.001572	75.3
304	-0.052696	133.731071	23.726975	0.002299	68.9
305	-0.060221	132.931071	23.850287	0.002416	67.3
306	-0.056835	133.931071	23.696346	0.002549	69.6
307	-0.054599	134.931071	23.544379	0.001760	71.9
308	-0.051471	134.131071	23.665796	0.002459	71.4
309	-0.053650	135.131071	23.514219	0.001580	71.8
310	-0.054956	136.131071	23.364572	0.002190	69.9
311	-0.055847	135.331071	23.484137	0.002409	68.8
312	-0.051251	134.531071	23.604931	0.001268	69.7
313	-0.059693	133.731071	23.726975	0.002274	72.8
314	-0.052724	134.731071	23.574616	0.001847	68.7
315	-0.053692	133.931071	23.696346	0.002206	68.2
316	-0.053894	134.931071	23.544379	0.002028	71.6
317	-0.050860	134.131071	23.665796	0.002014	70.1
318	-0.052533	135.131071	23.514219	0.002431	68.7
319	-0.053855	136.131071	23.364572	0.002283	71.8
320	-0.054205	137.131071	23.216818	0.002244	71.2
321	-0.055523	136.331071	23.334871	0.001595	70.8
322	-0.054199	135.531071	23.454131	0.001946	71.9
323	-0.054171	136.531071	23.305245	0.002812	73.1
324	-0.054351	137.531071	23.158238	0.001404	68.4
325	-0.055614	138.531071	23.013073	0.002719	69.1
326	-0.056238	137.732084	23.128911	0.002646	69.1
327	-0.053174	138.732084	22.984113	0.001932	69.5
328	-0.056306	137.932084	23.099805	0.002866	67.5
329	-0.057405	138.932084	22.955370	0.001955	71.2
330	-0.057609	139.932084	22.812730	0.002505	68.6
331	-0.053316	139.132084	22.926700	0.002016	68.1
332	-0.054745	138.332084	23.041814	0.001956	69.2
333	-0.054549	139.332084	22.898101	0.002045	69.2
334	-0.054255	138.532084	23.012927	0.002197	72.5
335	-0.054030	139.532084	22.869573	0.002373	70.8
336	-0.056061	138.732084	22.984113	0.002289	68.2
337	-0.053699	139.732084	22.841116	0.003890	71.8
338	-0.055471	140.732084	22.699888	0.002274	72.2
339	-0.055451	141.732084	22.560396	0.002320	71.4
340	-0.055432	142.732084	22.422607	0.001827	68.2
341	-0.058389	141.932084	22.532703	0.002019	71.8
342	-0.057084	142.932084	22.395251	0.001915	71.3
343	-0.052921	143.932084	22.259467	0.001900	70.4
344	-0.054450	144.932084	22.125319	0.001509	69.3
345	-0.053029	144.132084	22.232507	0.001703	69.2
346	-0.051138	145.132084	22.098683	0.001596	67.6
347	-0.053383	146.132084	21.966460	0.001600	64.9
348	-0.054108	147.132084	21.835810	0.001904	70.8
349	-0.051109	146.332084	21.940205	0.000896	70.6
350	-0.058671	147.332084	21.809866	0.002369	69.7
351	-0.053863	148.332084	21.681067	0.001692	71.3
352	-0.055157	147.532084	21.783984	0.003284	71.2
353	-0.055420	148.532084	21.655489	0.002030	68.5
354	-0.057159	149.532084	21.528502	0.001556	70.1
355	-0.054255	150.532084	21.402994	0.003919	69.2
356	-0.051961	151.532084	21.278942	0.001846	67.6
357	-0.053063	152.532084	21.156320	0.002423	71.0
358	-0.050577	153.532084	21.035102	0.003767	70.6
359	-0.057800	154.532084	20.915266	0.001094	71.4
360	-0.052586	155.532084	20.796787	0.001907	67.7
361	-0.051957	154.732084	20.891462	0.002921	67.5
362	-0.057097	153.932084	20.987003	0.002142	72.2
363	-0.054698	154.932084	20.867713	0.002588	67.4
364	-0.053312	154.132084	20.963036	0.000989	70.7
365	-0.055294	155.129258	20.844352	0.002139	68.1
366	-0.056027	156.129258	20.726673	0.001520	72.4
367	-0.055486	157.129258	20.610316	0.002501	70.0
368	-0.053431	156.329258	20.703297	0.003658	71.1
369	-0.055020	157.329258	20.587201	0.002653	68.5
370	-0.057431	158.329258	20.472400	0.002349	71.7
371	-0.052424	157.529258	20.564138	0.003349	67.3
372	-0.053739	158.529258	20.449593	0.001263	71.1
373	-0.057152	159.529258	20.336317	0.001508	73.1
374	-0.057008	160.529258	20.224289	0.002181	67.4
375	-0.054809	161.529258	20.113489	0.001487	68.5
376	-0.052050	160.729258	20.202032	0.002803	68.6
377	-0.053556	161.729251	20.091475	0.002413	67.7
378	-0.055429	162.729251	19.982122	0.001730	67.0
379	-0.055186	163.729251	19.873952	0.001717	67.2
380	-0.053763	162.929251	19.960393	0.001522	75.3
381	-0.054638	162.129251	20.047590	0.002069	68.7
382	-0.054325	161.329251	20.135553	0.001781	67.1
383	-0.052380	162.329251	20.025720	0.001471	70.3
384	-0.056524	161.529251	20.113490	0.002089	71.6
385	-0.054807	162.529251	20.003897	0.001737	70.0
386	-0.055176	163.529251	19.895492	0.001960	73.4
387	-0.056513	162.729253	19.982121	0.003052	73.8
388	-0.057326	163.666632	19.880691	0.002120	69.6
389	-0.057471	164.666632	19.773614	0.001731	72.1
390	-0.054295	165.666632	19.667683	0.002774	67.3
391	-0.053278	166.666632	19.562882	0.002856	68.7
392	-0.053330	167.666632	19.459192	0.001883	68.3
393	-0.053941	166.866632	19.542056	0.002053	73.9
394	-0.055912	167.866632	19.438586	0.002861	71.8
395	-0.052710	168.866632	19.336206	0.002125	69.7
396	-0.054610	169.866632	19.234898	0.002013	68.9
397	-0.054523	169.066632	19.315859	0.000918	69.5
398	-0.054136	170.066632	19.214764	0.002183	71.5
399	-0.054820	169.266632	19.295555	0.001996	69.3
400	-0.057068	170.266632	19.194672	0.001719	67.7
401	-0.055107	171.266632	19.094838	0.002098	69.7
402	-0.054040	170.466632	19.174622	0.001566	68.4
403	-0.054370	171.466632	19.074996	0.002097	71.9
404	-0.052760	170.666632	19.154613	0.001432	70.9
405	-0.060837	169.866632	19.234898	0.002926	67.9
406	-0.055978	170.866632	19.134647	0.002044	71.0
407	-0.054748	170.066632	19.214764	0.003470	71.6
408	-0.051099	171.066632	19.114722	0.002069	68.9
409	-0.052576	172.066632	19.015716	0.002022	72.5
410	-0.055082	171.266632	19.094838	0.003016	68.6
411	-0.052202	172.266632	18.996038	0.001806	67.8
412	-0.053486	171.466632	19.074996	0.001361	71.4
413	-0.052957	170.666632	19.154613	0.002332	69.0
414	-0.054457	171.666632	19.055195	0.001867	67.6
415	-0.055235	170.866632	19.134647	0.001701	69.5
416	-0.054646	170.066632	19.214764	0.002982	72.2
417	-0.056163	171.066632	19.114722	0.001179	66.8
418	-0.054908	171.545952	19.067138	0.003427	68.3
419	-0.054575	172.545952	18.968623	0.003871	69.0
420	-0.053119	173.545952	18.871121	0.001239	67.8
421	-0.053982	174.545952	18.774616	0.001132	69.1
422	-0.059408	174.943958	18.736481	0.001996	70.0
423	-0.054691	174.143958	18.813292	0.002372	72.1
424	-0.051884	175.143958	18.717376	0.001569	69.3
425	-0.055542	176.143958	18.622433	0.001802	72.4
426	-0.055013	177.143958	18.528449	0.002876	71.1
427	-0.054524	178.143958	18.435409	0.001891	71.6
428	-0.057640	179.143958	18.343298	0.001657	71.0
429	-0.050824	180.143958	18.252103	0.001222	70.4
430	-0.055199	179.352216	18.324231	0.001440	68.7
431	-0.057701	180.352216	18.233225	0.001638	67.5
432	-0.054071	181.352216	18.143118	0.002150	69.0
433	-0.056176	180.552216	18.215132	0.003725	69.6
434	-0.054492	181.552216	18.125204	0.003012	67.5
435	-0.053315	182.552216	18.036159	0.001271	69.0
436	-0.053054	181.752216	18.107325	0.002731	70.6
437	-0.053093	180.952216	18.179054	0.002577	71.9
438	-0.054383	181.952216	18.089481	0.001842	72.7
439	-0.052638	182.952216	18.000786	0.002111	71.1
440	-0.056747	182.152216	18.071672	0.001645	68.1
441	-0.054179	183.152216	17.983151	0.002185	71.0
442	-0.054412	182.352216	18.053898	0.001887	70.2
443	-0.057140	181.552216	18.125204	0.002629	68.6
444	-0.053646	182.552216	18.036159	0.002421	71.1
445	-0.053217	181.752216	18.107325	0.001178	70.9
446	-0.051722	180.952216	18.179054	0.000838	70.1
447	-0.053967	181.952216	18.089481	0.000920	70.6
448	-0.054036	181.152221	18.161068	0.002662	68.0
449	-0.052354	180.352221	18.233224	0.001331	72.4
450	-0.053072	181.352221	18.143118	0.001635	71.0
451	-0.056154	182.352221	18.053898	0.002991	67.6
452	-0.052550	181.552221	18.125203	0.003536	70.8
453	-0.058279	180.752221	18.197075	0.002559	73.7
454	-0.055290	181.752221	18.107324	0.000810	68.9
455	-0.053596	180.952221	18.179053	0.001822	67.6
456	-0.053310	181.952221	18.089480	0.001280	71.4
457	-0.054301	182.952221	18.000786	0.002073	70.5
458	-0.055339	183.952221	17.912957	0.002139	69.3
459	-0.055165	184.952221	17.825980	0.001278	68.2
460	-0.058316	184.152221	17.895493	0.003014	67.8
461	-0.055608	183.352221	17.965551	0.002407	71.4
462	-0.052591	182.552221	18.036159	0.001443	70.3
463	-0.055932	181.752221	18.107324	0.002551	72.6
464	-0.053835	180.952221	18.179053	0.001402	67.7
465	-0.051585	180.165169	18.250178	0.001150	72.0
466	-0.054761	181.165169	18.159905	0.001712	71.0
467	-0.053546	180.365170	18.232052	0.002517	71.3
468	-0.057594	181.365170	18.141957	0.001973	69.9
469	-0.052877	180.565170	18.213961	0.002342	72.3
470	-0.056630	179.765170	18.286540	0.002015	70.8
471	-0.061176	180.765170	18.195907	0.001850	67.2
472	-0.054067	179.965170	18.268341	0.001358	68.8
473	-0.054611	180.965170	18.177888	0.002188	70.3
474	-0.052945	180.165170	18.250178	0.002405	68.4
475	-0.057718	181.165170	18.159905	0.001484	69.1
476	-0.055705	182.165170	18.070520	0.002114	72.0
477	-0.056657	181.365170	18.141957	0.001637	70.9
478	-0.054643	182.365170	18.052748	0.001829	69.4
479	-0.053984	183.365170	17.964413	0.001754	71.8
480	-0.055434	184.365170	17.876937	0.002080	70.9
481	-0.056293	183.565170	17.946849	0.002402	68.3
482	-0.051635	184.565170	17.859544	0.001988	72.1
483	-0.057395	185.565170	17.773085	0.001856	67.4
484	-0.054374	184.765200	17.842182	0.002353	71.7
485	-0.055585	183.965200	17.911822	0.002560	69.4
486	-0.056239	184.965200	17.824857	0.001539	70.7
487	-0.054678	185.965200	17.738732	0.002123	72.2
488	-0.056745	185.165200	17.807565	0.002124	69.0
489	-0.052702	184.365200	17.876935	0.002723	67.8
490	-0.053686	185.365200	17.790307	0.001077	69.5
491	-0.057522	184.565200	17.859542	0.002616	70.0
492	-0.050993	185.565200	17.773082	0.002273	71.1
493	-0.058230	184.765200	17.842182	0.002229	69.9
494	-0.051682	183.965200	17.911822	0.001191	69.2
495	-0.053241	184.965200	17.824857	0.002051	69.0
496	-0.051841	184.165200	17.894361	0.002297	69.0
497	-0.054888	185.165200	17.807565	0.002874	70.7
498	-0.052910	186.165200	17.721607	0.002952	70.9
499	-0.057194	187.165200	17.636474	0.001692	72.3
500	-0.053474	188.165200	17.552156	0.001465	69.6
501	-0.052920	187.500711	17.608094	0.001906	71.7
502	-0.054470	188.500711	17.524047	0.001192	72.5
503	-0.053662	187.700711	17.591220	0.001887	73.7
504	-0.054957	188.684842	17.508658	0.003372	71.4
505	-0.052209	189.684842	17.425555	0.004496	70.7
506	-0.054862	190.684842	17.343236	0.002728	71.5
507	-0.051636	191.684842	17.261692	0.001828	69.5
508	-0.051932	192.684842	17.180911	0.001404	71.8
509	-0.056192	193.684842	17.100882	0.001570	71.9
510	-0.055259	192.884842	17.164845	0.001313	68.5
511	-0.053898	193.884842	17.084966	0.002557	68.9
512	-0.054101	194.884842	17.005827	0.002073	68.9
513	-0.054199	194.084842	17.069079	0.002175	70.6
514	-0.049800	195.084842	16.990087	0.001371	71.1
515	-0.052913	194.284842	17.053222	0.002788	69.6
516	-0.055513	193.484842	17.116828	0.002424	72.0
517	-0.053156	192.684842	17.180911	0.002267	70.5
518	-0.052702	193.684842	17.100882	0.003376	69.7
519	-0.054471	192.884842	17.164845	0.002143	67.6
520	-0.058748	193.884842	17.084966	0.002019	77.4
521	-0.054161	194.884842	17.005827	0.002522	71.8
522	-0.054941	195.884842	16.927417	0.001976	70.8
523	-0.055209	196.884842	16.849728	0.001762	69.7
524	-0.055035	196.084842	16.911822	0.001937	69.1
525	-0.054186	195.284842	16.974376	0.003791	70.1
526	-0.055068	196.284842	16.896256	0.001885	69.4
527	-0.057138	197.284842	16.818851	0.003267	70.6
528	-0.055125	198.284842	16.742152	0.003138	67.2
529	-0.058021	199.284842	16.666150	0.001847	70.3
530	-0.054726	198.484842	16.726896	0.002767	69.1
531	-0.055055	199.484842	16.651032	0.002365	67.4
532	-0.057626	200.484842	16.575853	0.001795	69.2
533	-0.051621	199.684842	16.635942	0.001618	67.7
534	-0.056102	200.684842	16.560899	0.000494	68.0
535	-0.054756	199.884842	16.620879	0.002071	66.5
536	-0.055044	200.884842	16.545971	0.001074	68.7
537	-0.052967	200.084842	16.605843	0.001703	68.8
538	-0.055456	201.084185	16.531120	0.002775	66.2
539	-0.053227	200.284185	16.590884	0.002578	70.0
540	-0.055455	199.484185	16.651082	0.002224	72.9
541	-0.054308	200.484185	16.575902	0.002883	71.2
542	-0.054797	199.684185	16.635992	0.002916	71.7
543	-0.054860	200.684185	16.560948	0.001873	69.9
544	-0.053097	201.684185	16.486578	0.003141	69.8
545	-0.052526	202.684185	16.412873	0.002171	67.1
546	-0.055012	203.684185	16.339825	0.002029	70.6
547	-0.053248	204.684185	16.267424	0.002143	73.4
548	-0.052732	203.884185	16.325293	0.001204	71.6
549	-0.054338	203.084185	16.383576	0.002234	67.7
550	-0.055003	204.084185	16.310787	0.000740	72.3
551	-0.052780	205.084185	16.238642	0.001492	70.2
552	-0.052354	204.284186	16.296307	0.000945	69.6
553	-0.052280	205.284186	16.224290	0.001660	69.6
554	-0.053972	204.484186	16.281852	0.002833	68.4
555	-0.051833	205.484186	16.209963	0.002540	68.7
556	-0.056107	204.684186	16.267423	0.001193	74.3
557	-0.052353	205.684186	16.195661	0.002509	69.8
558	-0.054172	206.684186	16.124529	0.002232	72.0
559	-0.057167	205.884186	16.181384	0.001763	72.5
560	-0.054812	206.884186	16.110377	0.001982	69.6
561	-0.052514	207.884186	16.039991	0.002618	68.6
562	-0.052824	207.084186	16.096251	0.001381	68.3
563	-0.055813	208.084186	16.025987	0.000605	70.7
564	-0.051316	209.084019	15.956346	0.002453	71.6
565	-0.052139	209.990970	15.893696	0.001736	72.9
566	-0.056279	210.990970	15.825186	0.001367	71.7
567	-0.054224	211.990970	15.757264	0.002586	69.2
568	-0.051723	212.990970	15.689923	0.001713	70.3
569	-0.057108	213.990970	15.623154	0.003595	67.9
570	-0.055453	213.190970	15.676523	0.001669	70.7
571	-0.053668	212.390970	15.730258	0.002681	68.8
572	-0.055785	213.390970	15.663147	0.000860	69.8
573	-0.056294	212.590970	15.716790	0.002691	70.6
574	-0.054816	211.790970	15.770802	0.001750	72.3
575	-0.058545	210.990970	15.825186	0.001305	71.8
576	-0.054556	210.190984	15.879946	0.001081	68.2
577	-0.053874	211.190984	15.811554	0.001728	69.2
578	-0.056897	212.190984	15.743749	0.002011	68.6
579	-0.055005	211.390984	15.797946	0.001185	69.5
580	-0.059438	210.591230	15.852501	0.000807	70.4
581	-0.056293	211.591230	15.784345	0.000979	69.9
582	-0.052408	212.591215	15.716774	0.001504	70.6
583	-0.049870	213.591215	15.649777	0.001805	68.3
584	-0.056568	212.791215	15.703328	0.000975	69.7
585	-0.055404	211.991255	15.757245	0.001251	71.6
586	-0.054424	212.991255	15.689904	0.002536	69.7
587	-0.054561	213.991255	15.623136	0.002529	69.5
588	-0.056412	214.991255	15.556933	0.001808	69.4
589	-0.052618	215.991255	15.491290	0.001480	70.0
590	-0.052897	215.191255	15.543760	0.001599	68.6
591	-0.054637	216.191255	15.478228	0.002280	68.9
592	-0.053221	217.191255	15.413245	0.001284	71.2
593	-0.053656	218.191255	15.348806	0.001321	67.8
594	-0.054810	219.191255	15.284904	0.002676	70.7
595	-0.053064	218.391255	15.335983	0.001693	68.9
596	-0.051597	217.591255	15.387405	0.002214	69.8
597	-0.052216	216.791255	15.439173	0.002107	70.6
598	-0.052099	217.791255	15.374517	0.002013	68.5
599	-0.052137	216.991255	15.426198	0.001241	71.2
600	-0.051197	217.991255	15.361651	0.002322	69.7
601	-0.051522	217.222713	15.411210	0.001873	70.7
602	-0.054090	218.222713	15.346788	0.001563	69.1
603	-0.050062	219.222713	15.282902	0.003146	69.3
604	-0.055985	220.222713	15.219546	0.002201	66.3
605	-0.053494	221.222713	15.156713	0.001745	70.1
606	-0.055568	220.422713	15.206938	0.002383	72.2
607	-0.054786	221.422713	15.144209	0.003108	70.3
608	-0.052034	222.422713	15.081995	0.002416	71.9
609	-0.052626	221.622713	15.131725	0.002148	68.4
610	-0.054137	220.822713	15.181784	0.001719	67.7
611	-0.053372	220.022713	15.232175	0.000808	67.7
612	-0.054107	219.446988	15.268647	0.002991	67.4
613	-0.059216	218.646988	15.319618	0.001706	75.0
614	-0.055204	219.646988	15.255957	0.003031	68.1
615	-0.051407	220.646988	15.192824	0.002175	69.6
616	-0.056851	221.646988	15.130211	0.002944	70.9
617	-0.054811	222.646988	15.068112	0.002277	72.3
618	-0.052558	223.646988	15.006521	0.003167	68.5
619	-0.055447	222.846988	15.055754	0.001712	71.0
620	-0.056814	222.046988	15.105311	0.000881	67.5
621	-0.056838	223.046988	15.043415	0.001790	70.6
622	-0.053538	222.246988	15.092891	0.003368	69.3
623	-0.055924	223.246987	15.031097	0.001682	70.4
624	-0.058032	222.446987	15.080492	0.001673	76.4
625	-0.055370	221.646987	15.130211	0.001606	70.9
626	-0.055527	222.646987	15.068113	0.001374	72.8
627	-0.054174	222.003528	15.108012	0.001616	72.8
628	-0.058008	221.203528	15.157914	0.001256	72.2
629	-0.056705	222.203528	15.095588	0.001585	71.9
630	-0.057315	221.403528	15.145408	0.001854	70.8
631	-0.054933	222.403528	15.083184	0.002040	72.4
632	-0.051385	223.403528	15.021470	0.002203	72.5
633	-0.055631	222.603528	15.070801	0.001275	74.0
634	-0.051429	221.803528	15.120457	0.000656	72.6
635	-0.056546	222.803528	15.058438	0.002130	73.3
636	-0.054793	223.803528	14.996925	0.002249	70.7
637	-0.053931	224.803528	14.935913	0.002106	73.6
638	-0.053401	225.803528	14.875396	0.002292	71.3
639	-0.050264	226.803528	14.815367	0.002209	71.6
640	-0.054972	226.003528	14.863351	0.001017	73.6
641	-0.054341	227.003528	14.803419	0.002370	72.8
642	-0.057845	228.003528	14.743969	0.002319	71.8
643	-0.053474	227.203528	14.791491	0.002150	71.9
644	-0.052788	228.203528	14.732136	0.002272	72.4
645	-0.055527	229.203528	14.673255	0.002077	72.2
646	-0.054020	228.403528	14.720322	0.001344	70.6
647	-0.056651	229.403528	14.661536	0.002642	72.9
648	-0.051599	230.403528	14.603217	0.002344	76.1
649	-0.054661	231.403528	14.545360	0.002034	71.1
650	-0.055534	230.603528	14.591609	0.001788	74.2
651	-0.054025	229.803528	14.638152	0.001956	72.1
652	-0.056302	230.803528	14.580019	0.001873	72.2
653	-0.054123	230.003528	14.626489	0.002186	72.9
654	-0.054288	231.003528	14.568448	0.002902	72.4
655	-0.052017	230.203528	14.614843	0.001541	74.8
656	-0.051564	229.403528	14.661536	0.002289	69.1
657	-0.052885	230.403528	14.603217	0.001507	71.8
658	-0.056455	231.403528	14.545360	0.002652	72.3
659	-0.054012	230.603528	14.591609	0.002189	71.6
660	-0.052467	231.603528	14.533844	0.000757	72.9
661	-0.055142	232.603528	14.476535	0.001940	68.8
662	-0.053417	231.803528	14.522346	0.001458	70.7
663	-0.052987	232.803528	14.465127	0.002833	71.7
664	-0.054016	233.803528	14.408357	0.002095	71.2
665	-0.055863	234.803528	14.352031	0.001375	73.9
666	-0.053854	234.003528	14.397057	0.002367	71.6
667	-0.056209	233.203528	14.442365	0.002178	75.0
668	-0.054823	232.403528	14.487960	0.002117	71.4
669	-0.053905	233.403528	14.431011	0.002018	73.4
670	-0.055390	232.603528	14.476535	0.002488	70.0
671	-0.059026	231.803528	14.522346	0.001517	71.9
672	-0.052980	231.003528	14.568448	0.002977	69.2
673	-0.054598	232.003528	14.510866	0.002123	72.4
674	-0.058756	233.003528	14.453737	0.003043	71.6
675	-0.054895	234.003528	14.397057	0.002073	71.6
676	-0.054848	235.003528	14.340819	0.001983	69.6
677	-0.054856	234.203528	14.385774	0.001299	73.0
678	-0.053646	235.203528	14.329624	0.001238	70.0
679	-0.057007	234.403528	14.374509	0.001164	69.2
680	-0.056256	235.403528	14.318447	0.002180	66.6
681	-0.054522	236.403528	14.262820	0.001601	67.0
682	-0.051601	235.603528	14.307287	0.002723	69.3
683	-0.054943	235.613685	14.306720	0.002496	71.6
684	-0.053664	236.613685	14.251185	0.001964	71.1
685	-0.054280	237.613685	14.196079	0.001763	69.2
686	-0.052643	238.613685	14.141397	0.002411	72.4
687	-0.053610	239.613685	14.087135	0.003975	73.4
688	-0.053147	240.613685	14.033288	0.001858	68.1
689	-0.054453	241.613685	13.979851	0.000990	70.1
690	-0.051572	242.613685	13.926820	0.002314	73.4
691	-0.054926	241.813685	13.969213	0.002668	69.1
692	-0.051752	241.935411	13.962746	0.002194	71.3
693	-0.055656	241.135411	14.005358	0.003039	72.6
694	-0.059747	242.135403	13.952133	0.001912	69.2
695	-0.056887	243.135403	13.899311	0.003039	68.3
696	-0.056594	242.335403	13.941537	0.002162	72.4
697	-0.053443	243.335403	13.888795	0.002372	70.0
698	-0.055597	242.535403	13.930956	0.002087	72.2
699	-0.055247	243.535403	13.878295	0.001716	70.9
700	-0.058088	244.535403	13.826029	0.002764	71.4
701	-0.050349	243.735404	13.867810	0.002634	69.0
702	-0.056872	242.935404	13.909844	0.001587	67.5
703	-0.054655	243.935404	13.857341	0.001264	70.9
704	-0.054570	244.935404	13.805233	0.001574	70.4
705	-0.053913	245.935404	13.753516	0.002319	69.8
706	-0.053744	246.935404	13.702184	0.002063	70.2
707	-0.051691	246.135404	13.743219	0.002525	70.2
708	-0.052361	245.335404	13.784499	0.002701	73.0
709	-0.053026	246.335404	13.732937	0.001971	69.0
710	-0.054782	247.335404	13.681759	0.003070	67.7
711	-0.054570	248.335404	13.630960	0.001089	70.5
712	-0.055165	247.535404	13.671569	0.001849	67.8
713	-0.055918	246.735404	13.712420	0.002592	69.8
714	-0.051652	247.735404	13.661394	0.002761	78.6
715	-0.051738	246.935404	13.702184	0.001729	70.9
716	-0.051888	247.935404	13.651234	0.001950	69.2
717	-0.056008	247.135404	13.691964	0.002123	70.3
718	-0.052354	248.126202	13.641556	0.002482	69.5
719	-0.053920	247.326202	13.682228	0.002101	70.4
720	-0.054750	248.326202	13.631426	0.001912	71.2
721	-0.053241	249.326202	13.581000	0.002603	72.9
722	-0.053936	248.526202	13.621311	0.001236	68.6
723	-0.056883	249.526202	13.570960	0.002332	70.5
724	-0.051176	248.726202	13.611211	0.001940	71.5
725	-0.054453	247.926202	13.651701	0.000685	70.8
726	-0.056651	247.126202	13.692434	0.002987	71.4
727	-0.056122	246.326202	13.733410	0.001577	69.9
728	-0.055969	245.526202	13.774632	0.002984	68.7
729	-0.052893	246.526202	13.723143	0.001377	68.1
730	-0.058012	245.726202	13.764303	0.002225	69.3
731	-0.053615	244.926202	13.805711	0.003145	68.8
732	-0.056839	244.126202	13.847369	0.003184	69.0
733	-0.053722	243.326202	13.889278	0.002488	68.5
734	-0.056857	242.526202	13.931443	0.001643	69.2
735	-0.055680	243.526202	13.878777	0.002884	68.8
736	-0.053199	244.526202	13.826508	0.001582	72.1
737	-0.053649	245.526202	13.774632	0.001140	69.8
738	-0.056022	244.726202	13.816102	0.001203	70.0
739	-0.054678	243.926202	13.857822	0.002262	69.3
740	-0.055463	243.126202	13.899796	0.001192	71.7
741	-0.057230	244.126202	13.847369	0.002297	70.0
742	-0.052393	245.126202	13.795335	0.002307	70.6
743	-0.054141	246.126202	13.743692	0.002965	70.3
744	-0.054582	245.326202	13.784976	0.000941	70.9
745	-0.057108	244.526202	13.826508	0.002689	68.2
746	-0.053730	243.726202	13.868292	0.001296	70.3
747	-0.053984	242.926240	13.910327	0.002707	69.4
748	-0.055812	243.926240	13.857820	0.002187	71.8
749	-0.052106	243.126240	13.899794	0.002696	70.2
750	-0.053913	242.326240	13.942022	0.001437	66.9
751	-0.053489	243.326240	13.889276	0.001010	69.5
752	-0.056234	242.526240	13.931441	0.001651	71.6
753	-0.053830	241.727491	13.973796	0.001647	70.7
754	-0.055694	242.727491	13.920810	0.001393	66.8
755	-0.051495	243.727491	13.868224	0.002991	70.0
756	-0.052262	244.727491	13.816035	0.001725	70.9
757	-0.053034	243.927497	13.857755	0.001877	68.9
758	-0.055011	243.127497	13.899727	0.002588	70.4
759	-0.056293	244.127497	13.847301	0.003160	68.4
760	-0.053003	243.327497	13.889210	0.002773	72.0
761	-0.056537	244.327497	13.836863	0.003437	67.8
762	-0.054798	245.327497	13.784909	0.002179	69.2
763	-0.053661	246.327497	13.733343	0.002079	71.0
764	-0.058289	245.527497	13.774565	0.001728	71.4
765	-0.052676	244.727497	13.816034	0.003979	70.0
766	-0.056078	243.927497	13.857755	0.003030	69.3
767	-0.052896	244.927497	13.805644	0.002488	71.8
768	-0.057060	244.127497	13.847301	0.000987	69.4
769	-0.056161	245.127497	13.795268	0.002412	72.8
770	-0.052527	244.327497	13.836863	0.002455	68.8
771	-0.054162	245.327497	13.784909	0.002211	68.2
772	-0.054604	246.327497	13.733343	0.002498	68.1
773	-0.057084	245.527497	13.774565	0.001459	79.4
774	-0.052723	245.127651	13.795260	0.001821	71.4
775	-0.054373	246.127651	13.743617	0.002054	70.0
776	-0.054785	245.327651	13.784901	0.002585	67.2
777	-0.057761	244.527651	13.826433	0.002921	70.5
778	-0.056076	245.527651	13.774557	0.002778	70.8
779	-0.052097	246.527651	13.723068	0.000897	69.4
780	-0.052740	245.727651	13.764228	0.002205	71.7
781	-0.052193	244.954517	13.804241	0.001790	68.8
782	-0.053655	245.954517	13.752531	0.001201	71.0
783	-0.056595	246.954517	13.701207	0.001658	70.8
784	-0.053975	247.954517	13.650264	0.002060	69.3
785	-0.053373	248.954517	13.599699	0.003545	69.5
786	-0.055035	249.954517	13.549507	0.002750	68.9
787	-0.056161	250.954517	13.499685	0.001625	68.4
788	-0.056261	250.154517	13.539513	0.001387	70.9
789	-0.055980	251.154515	13.489764	0.001989	69.7
790	-0.051492	250.354515	13.529534	0.001920	68.9
791	-0.052452	251.354515	13.479858	0.002696	67.2
792	-0.052604	250.554515	13.519570	0.002643	68.6
793	-0.052750	251.554515	13.469967	0.001596	72.1
794	-0.056782	252.554515	13.420726	0.003174	72.5
795	-0.053608	251.754515	13.460090	0.001350	68.4
796	-0.055393	250.954515	13.499685	0.002032	74.9
797	-0.050196	251.954515	13.450227	0.001365	68.3
798	-0.055545	251.154515	13.489764	0.001933	77.8
799	-0.052610	252.154515	13.440379	0.001827	71.5
800	-0.053177	251.354515	13.479858	0.001332	68.8
801	-0.053969	250.554515	13.519570	0.001893	72.5
802	-0.055518	251.554515	13.469967	0.001118	67.4
803	-0.054866	252.554515	13.420726	0.002545	70.3
804	-0.053419	251.754515	13.460090	0.001692	70.4
805	-0.055587	252.754515	13.410921	0.002121	69.8
806	-0.056282	253.754515	13.362111	0.002554	76.1
807	-0.054123	254.754515	13.313654	0.001880	72.5
808	-0.055341	253.954515	13.352391	0.000714	70.0
809	-0.055655	253.154515	13.391354	0.002807	68.3
810	-0.055299	254.154515	13.342686	0.001736	68.2
811	-0.056691	255.154515	13.294370	0.000720	70.4
812	-0.054368	256.154515	13.246402	0.002421	69.4
813	-0.054695	257.154515	13.198780	0.001937	68.5
814	-0.057260	258.154515	13.151499	0.002190	68.8
815	-0.056046	257.354515	13.189296	0.002610	67.9
816	-0.057189	256.554515	13.227312	0.002437	64.9
817	-0.054597	257.554515	13.179827	0.002124	72.1
818	-0.054271	256.754515	13.217788	0.002836	72.0
819	-0.052103	257.754515	13.170370	0.002304	67.9
820	-0.059500	258.754515	13.123292	0.001429	69.6
821	-0.055604	257.954515	13.160928	0.002011	72.7
822	-0.059452	258.954515	13.113917	0.001950	68.2
823	-0.053267	258.154515	13.151499	0.002493	66.9
824	-0.051725	259.154515	13.104555	0.002301	70.6
825	-0.054371	260.154515	13.057945	0.000912	68.6
826	-0.054537	261.154515	13.011666	0.002347	68.5
827	-0.054063	260.354538	13.048662	0.001996	66.9
828	-0.056270	261.354538	13.002448	0.001745	70.0
829	-0.053468	260.554538	13.039393	0.002223	70.1
830	-0.053194	261.554538	12.993245	0.001532	68.1
831	-0.054024	260.754538	13.030137	0.001359	68.5
832	-0.055261	261.754538	12.984054	0.001415	70.9
833	-0.055198	262.754538	12.938296	0.001850	71.1
834	-0.053297	261.954538	12.974877	0.001472	69.5
835	-0.053529	262.946822	12.929534	0.001919	69.3
836	-0.056285	263.946821	12.884159	0.003103	69.3
837	-0.052986	263.146821	12.920434	0.001825	68.6
838	-0.055735	262.346962	12.956907	0.002744	71.4
839	-0.056625	263.346962	12.911340	0.002463	69.5
840	-0.051851	264.346962	12.866092	0.002016	68.0
841	-0.051998	263.546962	12.902265	0.003043	71.0
842	-0.052762	262.746962	12.938642	0.002059	71.9
843	-0.052413	261.946962	12.975224	0.002919	68.1
844	-0.053941	262.946962	12.929528	0.000907	68.8
845	-0.051883	262.146962	12.966059	0.002222	69.5
846	-0.054425	261.346962	13.002797	0.001714	72.3
847	-0.055770	260.546962	13.039744	0.002272	72.1
848	-0.057497	261.546962	12.993593	0.001397	73.1
849	-0.052341	262.546962	12.947768	0.001365	68.8
850	-0.059243	261.746962	12.984402	0.002215	69.3
851	-0.053221	262.746962	12.938642	0.003143	69.9
852	-0.056408	261.946962	12.975224	0.000974	71.8
853	-0.054724	261.146962	13.012014	0.001984	70.3
854	-0.052553	262.146962	12.966059	0.001443	70.4
855	-0.050103	261.346962	13.002797	0.001633	67.2
856	-0.055168	262.346962	12.956907	0.000890	76.7
857	-0.055512	261.546962	12.993593	0.002462	69.0
858	-0.052225	260.746962	13.030487	0.003395	70.8
859	-0.056101	261.746962	12.984402	0.001854	66.7
860	-0.056421	260.946962	13.021244	0.002813	71.0
861	-0.054813	261.946962	12.975224	0.002233	69.6
862	-0.054345	262.946962	12.929528	0.001816	73.6
863	-0.055157	262.146962	12.966059	0.001569	72.3
864	-0.059341	261.346962	13.002797	0.002373	68.6
865	-0.054939	262.346962	12.956907	0.001292	68.9
866	-0.055427	261.546962	12.993593	0.002233	66.8
867	-0.055096	262.546962	12.947768	0.002032	69.2
868	-0.052444	261.746962	12.984402	0.003196	73.3
869	-0.053344	262.746962	12.938642	0.001678	69.5
870	-0.053420	263.746962	12.893202	0.002744	69.0
871	-0.057520	262.946962	12.929528	0.001583	71.3
872	-0.054494	263.946962	12.884153	0.003912	68.6
873	-0.052877	264.946962	12.839095	0.002491	69.7
874	-0.054255	265.946962	12.794351	0.002393	70.5
875	-0.059189	266.946962	12.749918	0.001763	67.6
876	-0.051736	266.146962	12.785440	0.001615	67.7
877	-0.054530	267.146962	12.741069	0.000945	67.5
878	-0.052887	268.146962	12.697004	0.003120	69.9
879	-0.056250	269.146962	12.653244	0.002037	68.5
880	-0.055269	268.346962	12.688228	0.001805	71.7
881	-0.056470	267.546962	12.723406	0.002154	70.0
882	-0.056325	266.746962	12.758780	0.002268	68.5
883	-0.058181	267.746962	12.714593	0.001844	70.6
884	-0.051422	268.746962	12.670712	0.002387	69.1
885	-0.054549	267.946962	12.705793	0.001080	69.8
886	-0.053480	267.146962	12.741069	0.002717	69.0
887	-0.054172	268.146962	12.697004	0.002013	70.2
888	-0.057074	269.146962	12.653244	0.001505	68.8
889	-0.059318	270.146962	12.609784	0.003565	69.6
890	-0.057098	269.346962	12.644528	0.001958	68.0
891	-0.052663	268.546962	12.679464	0.002321	72.8
892	-0.055676	267.746962	12.714593	0.002067	70.0
893	-0.055012	266.946962	12.749918	0.001909	69.7
894	-0.052165	267.946962	12.705793	0.002240	69.5
895	-0.055704	268.946962	12.661972	0.002469	71.3
896	-0.055789	268.146962	12.697004	0.001318	69.0
897	-0.052201	267.346962	12.732231	0.003190	70.8
898	-0.056618	268.346962	12.688228	0.001606	73.0
899	-0.052965	269.346962	12.644528	0.001495	70.0
900	-0.057909	268.546962	12.679464	0.001288	69.9
901	-0.051792	269.546962	12.635824	0.002543	70.6
902	-0.051686	270.546962	12.592483	0.003170	65.3
903	-0.054922	271.546962	12.549439	0.002544	67.6
904	-0.056794	272.546962	12.506688	0.002543	71.7
905	-0.055065	271.746962	12.540865	0.001325	68.6
906	-0.051126	270.946962	12.575230	0.002648	66.5
907	-0.051859	270.146962	12.609784	0.001505	66.9
908	-0.055794	269.346962	12.644528	0.001633	70.7
909	-0.060841	268.546962	12.679464	0.001390	68.8
910	-0.053328	269.546962	12.635824	0.001140	69.8
911	-0.052832	268.747080	12.670707	0.002050	71.4
912	-0.053711	267.947080	12.705788	0.001490	69.7
913	-0.055537	267.147080	12.741063	0.002565	69.3
914	-0.052577	268.147080	12.696999	0.002645	73.6
915	-0.053837	269.147080	12.653239	0.003174	72.0
916	-0.055827	268.347080	12.688223	0.002234	69.1
917	-0.052365	269.347080	12.644523	0.001928	70.0
918	-0.053804	270.347080	12.601122	0.000979	71.0
919	-0.052714	271.347080	12.558019	0.002812	72.3
920	-0.055143	270.547080	12.592478	0.001398	69.7
921	-0.057718	269.747080	12.627127	0.002853	72.0
922	-0.055416	270.747080	12.583846	0.001885	70.0
923	-0.051242	271.747080	12.540860	0.001633	86.1
924	-0.050677	272.747080	12.498168	0.001763	67.8
925	-0.057157	271.947080	12.532298	0.001751	70.1
926	-0.050871	271.147080	12.566616	0.002089	68.3
927	-0.052468	272.147080	12.523748	0.001955	71.4
928	-0.054867	273.147080	12.481172	0.001610	67.3
929	-0.052190	272.347080	12.515210	0.001472	67.2
930	-0.058025	273.347080	12.472691	0.002082	71.5
931	-0.055575	274.347080	12.430461	0.002807	73.4
932	-0.054704	273.547080	12.464222	0.002167	72.0
933	-0.050898	274.547080	12.422049	0.001598	69.2
934	-0.055655	274.470534	12.425267	0.003822	70.3
935	-0.052330	273.670534	12.459000	0.002208	70.3
936	-0.055420	272.870534	12.492917	0.002035	71.2
937	-0.057173	273.870534	12.450550	0.001421	69.3
938	-0.057304	274.870534	12.408469	0.001119	72.1
939	-0.055560	274.070534	12.442111	0.001140	69.2
940	-0.055706	273.270534	12.475936	0.001957	67.8
941	-0.056231	274.270534	12.433683	0.001819	68.5
942	-0.054635	275.270534	12.391716	0.002082	69.2
943	-0.050159	274.470534	12.425267	0.002602	70.9
944	-0.055179	273.670534	12.459000	0.001604	68.8
945	-0.054136	272.870534	12.492917	0.001791	71.2
946	-0.054112	272.070534	12.527019	0.001804	71.6
947	-0.056159	271.270546	12.561308	0.000963	75.7
948	-0.051905	272.270546	12.518476	0.002167	71.2
949	-0.052205	271.470546	12.552718	0.001625	82.2
950	-0.051455	270.670546	12.587148	0.001248	71.7
951	-0.054632	269.870546	12.621767	0.002042	68.7
952	-0.053372	270.870546	12.578522	0.002403	70.9
953	-0.055169	270.070546	12.613094	0.002504	68.1
954	-0.057895	271.070546	12.569909	0.001659	72.7
955	-0.056410	270.270546	12.604433	0.003248	69.9
956	-0.050870	269.470546	12.639148	0.001685	71.9
957	-0.056765	270.470546	12.595785	0.001873	72.7
958	-0.055141	271.470546	12.552718	0.002998	69.0
959	-0.052376	272.470546	12.509944	0.002430	69.7
960	-0.052294	273.470546	12.467462	0.001957	68.6
961	-0.055822	274.470546	12.425266	0.002170	69.9
962	-0.052787	275.470546	12.383356	0.001590	72.5
963	-0.051952	276.470374	12.341734	0.001880	72.2
964	-0.052280	277.470374	12.300384	0.001428	67.7
965	-0.056428	278.470370	12.259310	0.001527	71.5
966	-0.058628	277.670370	12.292147	0.001790	69.1
967	-0.053803	276.870370	12.325161	0.002692	70.7
968	-0.053790	276.070370	12.358352	0.000880	69.5
969	-0.055644	277.070370	12.316891	0.001052	68.0
970	-0.053646	278.070370	12.275707	0.001549	71.6
971	-0.052610	277.270370	12.308632	0.001570	66.2
972	-0.055394	276.470370	12.341734	0.001681	80.6
973	-0.050503	275.670370	12.375015	0.001821	72.0
974	-0.053613	274.870370	12.408475	0.002657	69.4
975	-0.053055	275.870370	12.366678	0.001336	69.2
976	-0.053208	275.070370	12.400093	0.001785	68.7
977	-0.049557	276.070370	12.358352	0.003050	70.8
978	-0.053610	277.070370	12.316891	0.002813	68.5
979	-0.059116	278.070370	12.275707	0.002041	69.3
980	-0.050720	277.270370	12.308632	0.002367	67.5
981	-0.051947	276.470370	12.341734	0.001939	69.7
982	-0.052991	277.470370	12.300384	0.001902	71.3
983	-0.052585	278.470370	12.259310	0.003006	68.8
984	-0.054616	277.670370	12.292147	0.002191	70.1
985	-0.053525	276.870370	12.325161	0.002193	69.3
986	-0.052245	277.870370	12.283922	0.002589	69.2
987	-0.055845	278.870370	12.242958	0.002095	70.0
988	-0.052207	278.070370	12.275707	0.002481	70.8
989	-0.050565	279.070370	12.234798	0.002583	68.7
990	-0.054187	280.070370	12.194160	0.001709	71.2
991	-0.051470	281.070370	12.153791	0.001231	68.4
992	-0.051619	282.070370	12.113689	0.002180	68.4
993	-0.056889	283.070370	12.073851	0.001630	68.9
994	-0.052486	284.070370	12.034273	0.001402	68.0
995	-0.055537	284.730787	12.008278	0.001728	70.2
996	-0.053333	285.728046	11.969236	0.001540	74.6
997	-0.053953	284.939290	12.000094	0.002359	71.4
998	-0.057353	284.139290	12.031555	0.001102	67.4
999	-0.055434	285.139290	11.992254	0.002313	70.9
