1:ItNr	2:Metric	3a:Time	3b:StepSize	4:||Gradient||	Time[ms]
0	-0.036970	0.000000	63.002358	0.008557	269.2
1	-0.036983	0.000000	63.002358	0.012436	75.9
2	-0.035801	0.000000	63.002358	0.024526	74.3
3	-0.030670	1.000000	60.138615	0.020674	79.2
4	-0.043610	2.000000	57.523892	0.007704	72.4
5	-0.048705	3.000000	55.127064	0.005902	72.5
6	-0.047718	2.200000	57.027997	0.003444	74.8
7	-0.047522	1.400000	59.064711	0.002216	73.4
8	-0.048526	0.600000	61.252293	0.001432	75.5
9	-0.051940	0.000000	63.002358	0.002878	74.4
10	-0.047634	0.000000	63.002358	0.003652	71.0
11	-0.046973	1.000000	60.138615	0.003638	74.9
12	-0.043339	2.000000	57.523892	0.002981	70.5
13	-0.048790	3.000000	55.127064	0.003574	73.9
14	-0.045776	4.000000	52.921981	0.004410	70.8
15	-0.048038	5.000000	50.886520	0.003389	70.4
16	-0.045123	6.000000	49.001834	0.003719	78.8
17	-0.045886	7.000000	47.251769	0.003322	70.0
18	-0.045458	8.000000	45.622397	0.001712	74.1
19	-0.047334	9.000000	44.101651	0.001064	75.4
20	-0.048574	10.000000	42.679017	0.001430	72.9
21	-0.049100	11.000000	41.345298	0.001353	72.0
22	-0.043818	12.000000	40.092410	0.002512	71.3
23	-0.049067	13.000000	38.913221	0.002807	70.5
24	-0.046955	14.000000	37.801415	0.001853	74.3
25	-0.046845	15.000000	36.751376	0.002112	71.6
26	-0.050304	16.000000	35.758095	0.002648	72.4
27	-0.050901	17.000000	34.817093	0.002536	73.6
28	-0.050201	18.000000	33.924347	0.001559	78.2
29	-0.044532	19.000000	33.076238	0.001523	70.1
30	-0.050729	18.200000	33.751263	0.000867	72.2
31	-0.048728	17.516775	34.349956	0.001360	70.1
32	-0.048769	16.716775	35.078544	0.001198	74.3
33	-0.045544	15.916775	35.838709	0.002278	68.0
34	-0.048569	16.916775	34.893515	0.001465	76.5
35	-0.049376	17.916775	33.996896	0.001786	72.7
36	-0.044797	18.916775	33.145201	0.001340	72.4
37	-0.047747	19.912519	32.338501	0.001254	71.1
38	-0.046805	19.112519	32.983456	0.002619	70.9
39	-0.050750	18.312519	33.654662	0.001746	70.7
40	-0.048995	19.312519	32.819818	0.001189	74.6
41	-0.047551	20.312519	32.025390	0.001734	69.0
42	-0.045910	21.312519	31.268512	0.001401	70.1
43	-0.047357	22.312519	30.546585	0.001167	69.6
44	-0.046805	21.512519	31.121410	0.000620	73.5
45	-0.048005	20.712523	31.718281	0.001605	68.1
46	-0.044639	19.912523	32.338497	0.001296	74.6
47	-0.044085	20.912523	31.566926	0.001864	68.3
48	-0.047479	21.912523	30.831315	0.000704	71.6
49	-0.044506	22.906972	30.133017	0.000994	71.9
50	-0.045519	22.106972	30.692240	0.001811	71.5
51	-0.050632	23.106972	29.996381	0.001487	74.4
52	-0.047509	24.106972	29.331375	0.000965	73.9
53	-0.049736	23.306972	29.860978	0.002024	71.4
54	-0.044856	24.306972	29.201897	0.001524	70.9
55	-0.045713	23.506972	29.726792	0.000820	73.8
56	-0.047184	22.706972	30.270903	0.001343	71.8
57	-0.049223	21.906982	30.835297	0.000374	70.2
58	-0.049631	22.906982	30.133010	0.001208	73.6
59	-0.046608	22.106982	30.692233	0.001217	71.6
60	-0.048257	21.306982	31.272604	0.000936	71.9
61	-0.048667	22.306982	30.550490	0.001200	75.7
62	-0.050071	22.010679	30.760954	0.000989	75.1
63	-0.046366	21.210679	31.343953	0.001413	70.7
64	-0.045821	20.410679	31.949477	0.001849	69.3
65	-0.048213	21.410679	31.196141	0.001229	67.7
66	-0.047284	22.410673	30.477517	0.001710	76.9
67	-0.045720	21.610673	31.049722	0.001446	70.8
68	-0.045233	22.610673	30.337746	0.001197	69.9
69	-0.047372	23.610673	29.657690	0.000702	75.7
70	-0.048837	22.810673	30.199251	0.001086	71.1
71	-0.048348	22.737576	30.249722	0.001357	69.2
72	-0.042617	21.967706	30.791719	0.002224	72.7
73	-0.049744	22.967706	30.091393	0.000801	74.2
74	-0.047504	23.967706	29.422215	0.002010	73.1
75	-0.048334	23.167706	29.955133	0.001829	73.4
76	-0.046066	24.022549	29.386375	0.002462	74.5
77	-0.049349	23.222549	29.917984	0.001013	72.4
78	-0.049165	22.422549	30.469181	0.001489	72.2
79	-0.048321	23.422549	29.783287	0.001018	73.9
80	-0.048278	24.422549	29.127593	0.000310	73.0
81	-0.047227	23.640928	29.637590	0.001678	70.8
82	-0.046445	22.840928	30.178410	0.001438	72.0
83	-0.046009	23.840928	29.505400	0.001621	71.9
84	-0.047229	23.157171	29.962280	0.001273	75.7
85	-0.046394	22.357171	30.515126	0.001194	71.5
86	-0.047563	22.925514	30.120297	0.000940	72.8
87	-0.050052	22.125514	30.679044	0.001225	72.0
88	-0.048977	23.125514	29.983776	0.000762	74.9
89	-0.048053	22.334501	30.531089	0.001195	72.3
90	-0.047524	23.334501	29.842436	0.000892	72.7
91	-0.048087	24.334501	29.184164	0.002061	73.0
92	-0.046064	23.534501	29.708417	0.000994	74.3
93	-0.048473	24.534501	29.055979	0.000636	72.8
94	-0.046187	23.748312	29.566468	0.001431	71.4
95	-0.045943	24.748312	28.920182	0.001017	72.4
96	-0.046930	25.748312	28.301546	0.000709	72.5
97	-0.046624	24.948312	28.794301	0.001817	72.8
98	-0.046110	24.148312	29.304518	0.001533	74.6
99	-0.042698	23.348312	29.833143	0.001172	71.9
100	-0.047814	24.348312	29.175276	0.000629	70.1
101	-0.047000	23.548312	29.699206	0.000831	74.1
102	-0.047574	22.748312	30.242299	0.001458	72.9
103	-0.041582	21.948312	30.805623	0.001532	75.3
104	-0.047214	22.948312	30.104672	0.001195	71.5
105	-0.044681	23.948312	29.434910	0.001484	74.1
106	-0.047445	23.148312	29.968292	0.001818	71.8
107	-0.046800	24.148312	29.304518	0.001360	72.9
108	-0.045124	25.148312	28.669510	0.001188	72.5
109	-0.049352	24.348312	29.175276	0.001138	71.7
110	-0.050229	23.548312	29.699206	0.001582	73.7
111	-0.047720	22.748312	30.242299	0.001710	69.9
112	-0.050570	21.948312	30.805623	0.002297	74.1
113	-0.046565	21.148312	31.390332	0.002142	74.4
114	-0.045251	20.348312	31.997667	0.002060	74.5
115	-0.048367	19.548312	32.628966	0.002846	72.4
116	-0.049066	18.748312	33.285678	0.002082	70.6
117	-0.045874	17.948312	33.969367	0.002049	75.3
118	-0.049586	17.148312	34.681731	0.002682	71.4
119	-0.045162	16.348312	35.424613	0.003992	72.1
120	-0.047384	15.548312	36.200017	0.003292	72.5
121	-0.045283	14.748312	37.010125	0.003020	72.4
122	-0.048500	13.948312	37.857322	0.003021	73.4
123	-0.052103	13.148312	38.744214	0.003056	70.7
124	-0.048763	12.348312	39.673658	0.003390	72.3
125	-0.051024	11.548312	40.648790	0.003878	72.9
126	-0.048756	10.748312	41.673066	0.004964	70.0
127	-0.055019	9.948312	42.750296	0.004847	75.1
128	-0.053578	9.148312	43.884696	0.004644	72.5
129	-0.057981	8.348312	45.080941	0.005315	71.2
130	-0.052770	7.548312	46.344229	0.004633	75.7
131	-0.056841	6.748312	47.680360	0.004228	68.5
132	-0.056895	5.948312	49.095821	0.004594	69.5
133	-0.060449	5.148312	50.597893	0.004741	69.9
134	-0.058755	4.348312	52.194777	0.005522	73.3
135	-0.063982	3.548312	53.895743	0.005619	67.4
136	-0.062523	2.748312	55.711307	0.004642	68.7
137	-0.067750	2.429563	56.469237	0.005147	71.7
138	-0.063025	3.429563	54.157724	0.003561	70.7
139	-0.064791	4.429563	52.028009	0.003428	71.9
140	-0.066843	5.429563	50.059456	0.002262	71.6
141	-0.063108	4.629563	51.622009	0.002006	70.7
142	-0.068048	3.829563	53.285253	0.002679	66.6
143	-0.070572	3.029563	55.059243	0.003012	70.0
144	-0.066559	4.029563	52.859474	0.002011	67.3
145	-0.070191	5.029563	50.828726	0.001666	72.0
146	-0.068854	4.229563	52.440446	0.001191	66.7
147	-0.067719	3.429563	54.157724	0.002436	66.5
148	-0.069302	4.429563	52.028009	0.002495	71.4
149	-0.070283	5.429563	50.059456	0.002003	68.6
150	-0.068858	6.429563	48.234437	0.002259	71.2
151	-0.066022	7.429563	46.537808	0.001162	70.3
152	-0.068716	8.429563	44.956479	0.001178	70.3
153	-0.067298	9.429563	43.479084	0.001604	71.5
154	-0.062742	10.429563	42.095703	0.001500	69.6
155	-0.068745	11.429563	40.797637	0.001508	68.4
156	-0.067025	12.429563	39.577231	0.001834	68.9
157	-0.066297	13.429563	38.427718	0.001488	72.1
158	-0.070677	14.429563	37.343095	0.000996	71.0
159	-0.067467	13.629563	38.205782	0.001148	70.5
160	-0.068450	14.629563	37.133476	0.001016	70.7
161	-0.066719	15.629563	36.119719	0.001629	70.4
162	-0.067712	16.629563	35.159843	0.001373	71.0
163	-0.069159	15.829563	35.923574	0.000718	71.1
164	-0.065581	15.058384	36.691870	0.001313	69.4
165	-0.067477	16.058384	35.701760	0.001188	65.4
166	-0.067909	17.058384	34.763681	0.001699	73.6
167	-0.065783	18.058384	33.873637	0.000982	65.9
168	-0.065993	19.058384	33.028030	0.001390	70.3
169	-0.069759	20.058384	32.223614	0.001526	67.4
170	-0.065182	19.258385	32.863949	0.001983	71.2
171	-0.067695	20.258385	32.067410	0.001415	67.3
172	-0.066797	21.258385	31.308568	0.002231	69.0
173	-0.066388	22.258385	30.584811	0.002475	66.8
174	-0.070567	23.258385	29.893760	0.002015	69.5
175	-0.070375	24.258385	29.233247	0.001659	69.8
176	-0.069269	25.258385	28.601291	0.001049	70.5
177	-0.067147	26.258385	27.996080	0.000777	67.9
178	-0.069349	27.258385	27.415951	0.001385	70.2
179	-0.066147	26.458385	27.878098	0.000343	67.3
180	-0.066193	25.658385	28.356094	0.000922	65.6
181	-0.068351	26.658385	27.761107	0.001326	69.1
182	-0.066379	27.658256	27.190648	0.001338	69.5
183	-0.070592	28.658256	26.643093	0.001480	71.5
184	-0.067118	29.658256	26.117155	0.001482	67.7
185	-0.064830	30.658256	25.611579	0.002006	69.8
186	-0.066481	31.658256	25.125206	0.000587	72.1
187	-0.068452	32.658256	24.656961	0.001227	67.0
188	-0.065412	31.858256	25.030139	0.000723	71.4
189	-0.068129	32.858256	24.565398	0.000853	69.2
190	-0.066194	33.858256	24.117601	0.000699	71.7
191	-0.069676	34.858256	23.685836	0.001579	72.3
192	-0.067450	35.858256	23.269260	0.000907	66.0
193	-0.069451	36.858256	22.867083	0.001233	66.9
194	-0.066662	37.858256	22.478572	0.000430	72.3
195	-0.068587	37.068939	22.784118	0.001208	77.0
196	-0.064772	38.068939	22.398397	0.001016	67.7
197	-0.071862	37.268939	22.705914	0.001065	68.1
198	-0.069260	38.268939	22.322815	0.000669	64.8
199	-0.069300	39.268939	21.952428	0.001365	70.8
200	-0.071826	40.268939	21.594132	0.000882	68.7
201	-0.069086	41.268939	21.247343	0.000977	68.3
202	-0.064828	40.468939	21.523871	0.002165	68.1
203	-0.066247	41.468939	21.179318	0.001265	70.0
204	-0.065839	42.468939	20.845622	0.001929	72.3
205	-0.066338	41.668939	21.111727	0.002344	69.4
206	-0.072047	42.668939	20.780141	0.001224	69.5
207	-0.065667	43.668939	20.458810	0.001201	71.7
208	-0.066749	42.868939	20.715070	0.001429	69.4
209	-0.068570	43.683103	20.454330	0.001236	66.4
210	-0.067371	42.901177	20.704619	0.002325	70.3
211	-0.069701	42.101177	20.967113	0.001186	72.1
212	-0.065757	41.301177	21.236349	0.001320	71.1
213	-0.063349	40.501177	21.512589	0.000685	73.0
214	-0.069256	39.786257	21.765603	0.001002	72.3
215	-0.065939	40.786257	21.413330	0.001748	68.5
216	-0.067586	41.786257	21.072279	0.001071	69.3
217	-0.069827	40.986257	21.344240	0.000812	70.0
218	-0.065262	41.986229	21.005378	0.001281	72.3
219	-0.065342	41.186230	21.275603	0.001787	72.3
220	-0.067804	42.186230	20.938890	0.000493	70.7
221	-0.068653	43.186230	20.612669	0.001284	70.7
222	-0.068336	42.388217	20.872168	0.000950	85.6
223	-0.066146	43.388217	20.548007	0.001308	67.0
224	-0.067334	44.388217	20.233761	0.001282	65.8
225	-0.070461	45.388217	19.928981	0.002160	79.7
226	-0.065804	46.388217	19.633247	0.000846	71.2
227	-0.067013	45.588217	19.869124	0.001664	68.2
228	-0.066250	46.588217	19.575151	0.000932	69.8
229	-0.062652	45.788217	19.809625	0.001323	72.8
230	-0.067321	46.788217	19.517397	0.001659	70.8
231	-0.067230	45.988217	19.750481	0.000614	70.9
232	-0.068101	45.188240	19.989193	0.000607	67.8
233	-0.070226	46.186311	19.692248	0.001347	71.9
234	-0.072065	45.386314	19.929552	0.001397	71.1
235	-0.068874	46.386314	19.633802	0.000957	70.5
236	-0.071675	47.385809	19.346843	0.001175	70.7
237	-0.068525	48.385809	19.068013	0.000933	65.9
238	-0.069932	47.708890	19.255871	0.000809	69.8
239	-0.063552	48.708890	18.979638	0.001302	71.2
240	-0.065478	47.908890	19.199983	0.001360	68.7
241	-0.068335	47.108890	19.425504	0.001341	69.8
242	-0.064765	46.308890	19.656386	0.001119	70.4
243	-0.068845	47.308890	19.368629	0.001414	68.2
244	-0.066881	48.250758	19.105199	0.001428	70.8
245	-0.069156	49.250758	18.833242	0.001162	67.4
246	-0.065416	50.250758	18.568919	0.001274	72.4
247	-0.067729	49.450758	18.779777	0.002335	69.8
248	-0.068318	50.450758	18.516942	0.001176	65.8
249	-0.071771	51.450758	18.261362	0.000881	69.8
250	-0.066162	52.450758	18.012742	0.001105	69.8
251	-0.067003	51.650881	18.211060	0.000937	66.3
252	-0.068524	52.650881	17.963798	0.001008	70.8
253	-0.068660	53.650881	17.723160	0.001258	72.0
254	-0.063478	54.650881	17.488885	0.001084	67.0
255	-0.067795	53.850881	17.675804	0.000724	67.2
256	-0.067288	54.850876	17.442772	0.001868	72.3
257	-0.064506	54.050876	17.628702	0.001312	70.3
258	-0.068847	55.050876	17.396900	0.000868	69.9
259	-0.067130	56.050876	17.171116	0.000948	69.2
260	-0.066805	57.050876	16.951117	0.001309	70.3
261	-0.068362	56.250876	17.126660	0.001691	72.2
262	-0.066907	57.250876	16.907792	0.000965	70.1
263	-0.067924	58.250876	16.694447	0.001120	71.0
264	-0.067690	59.250815	16.486431	0.001163	69.5
265	-0.066322	60.250815	16.283523	0.001003	69.1
266	-0.066020	61.250815	16.085549	0.002137	69.8
267	-0.064197	60.450815	16.243539	0.001645	68.4
268	-0.067896	61.450815	16.046531	0.001765	71.3
269	-0.069089	62.358754	15.871753	0.000872	66.6
270	-0.067371	61.558765	16.025549	0.001495	69.6
271	-0.071107	62.558765	15.833761	0.000550	71.0
272	-0.066969	63.558701	15.646521	0.001368	68.2
273	-0.068818	62.823776	15.783702	0.000764	65.6
274	-0.063378	62.023776	15.935791	0.001050	70.6
275	-0.070137	63.023776	15.746133	0.000844	74.3
276	-0.067566	64.023776	15.560936	0.001251	67.6
277	-0.066385	63.404964	15.675020	0.001808	70.6
278	-0.067943	64.404964	15.491483	0.000862	68.8
279	-0.070765	65.397887	15.313448	0.000966	69.4
280	-0.066020	66.397851	15.138239	0.001698	69.2
281	-0.066882	67.397252	14.967089	0.001471	71.7
282	-0.068237	68.397252	14.799667	0.000810	72.9
283	-0.063935	67.597289	14.933296	0.000965	68.3
284	-0.065578	68.597289	14.766625	0.000781	72.0
285	-0.069272	67.797289	14.899661	0.000938	69.7
286	-0.068146	67.326708	14.979043	0.000957	68.3
287	-0.065685	68.326708	14.811354	0.001472	71.8
288	-0.068253	69.326708	14.647379	0.001644	70.8
289	-0.066136	70.326708	14.486995	0.001708	70.2
290	-0.066710	71.326708	14.330085	0.001218	67.7
291	-0.067447	72.326708	14.176537	0.000843	67.1
292	-0.068016	71.526708	14.299110	0.002248	69.6
293	-0.068975	72.526708	14.146222	0.001376	69.9
294	-0.065868	73.526708	13.996568	0.000995	68.7
295	-0.069096	72.727164	14.115967	0.000794	69.4
296	-0.070355	71.927184	14.237487	0.001286	68.9
297	-0.065898	71.127184	14.361120	0.001443	69.9
298	-0.069797	72.127184	14.206910	0.001239	70.6
299	-0.070416	73.127184	14.055977	0.001460	69.5
300	-0.064763	74.127184	13.908217	0.000864	70.8
301	-0.067637	75.127184	13.763532	0.001295	70.2
302	-0.070113	76.127184	13.621825	0.001898	68.0
303	-0.065772	77.127184	13.483007	0.001375	70.8
304	-0.066809	78.127184	13.346990	0.001659	68.3
305	-0.066169	79.127184	13.213690	0.000441	71.9
306	-0.071071	80.127184	13.083026	0.001659	69.0
307	-0.066688	81.127177	12.954921	0.001654	69.6
308	-0.072450	82.127177	12.829300	0.000785	67.7
309	-0.067070	83.127177	12.706092	0.001315	72.0
310	-0.066462	82.327177	12.804468	0.001161	68.4
311	-0.070762	83.327177	12.681734	0.000908	71.0
312	-0.066138	84.327177	12.561331	0.000629	69.6
313	-0.072391	85.327177	12.443192	0.001029	70.7
314	-0.066614	86.327177	12.327255	0.001509	66.1
315	-0.065348	85.527177	12.419831	0.000528	69.0
316	-0.068613	84.727197	12.513805	0.001005	70.6
317	-0.068288	85.727197	12.396555	0.000643	70.3
318	-0.065566	86.726512	12.281559	0.000787	71.9
319	-0.067956	86.404660	12.318362	0.001710	70.8
320	-0.067650	85.604660	12.410804	0.000503	67.0
321	-0.068569	86.604660	12.295467	0.000892	68.1
322	-0.066613	87.494893	12.194579	0.001042	67.8
323	-0.067169	88.494893	12.083208	0.001348	68.5
324	-0.068361	89.494893	11.973852	0.000728	67.6
325	-0.064647	88.694893	12.061177	0.001333	70.2
326	-0.069666	87.894893	12.149785	0.001235	67.3
327	-0.069785	88.894893	12.039227	0.002002	67.6
328	-0.066450	88.504722	12.082123	0.000921	68.2
329	-0.069680	89.504722	11.972787	0.001020	74.0
330	-0.070599	90.504722	11.865412	0.001178	71.9
331	-0.067225	91.504722	11.759947	0.000877	73.1
332	-0.069188	92.504722	11.656339	0.000887	67.6
333	-0.067680	93.504722	11.554541	0.000787	72.3
334	-0.067306	92.711423	11.635151	0.000548	68.4
335	-0.067718	93.711422	11.533721	0.001221	69.7
336	-0.064309	93.281963	11.577063	0.000882	68.9
337	-0.067482	94.281963	11.476639	0.001035	67.2
338	-0.067123	93.481963	11.556838	0.001103	69.2
339	-0.069233	94.481963	11.456763	0.001252	68.9
340	-0.069901	95.481962	11.358407	0.000893	74.9
341	-0.069947	96.481962	11.261725	0.001450	68.1
342	-0.063690	95.681962	11.338938	0.000670	67.4
343	-0.068164	94.881962	11.417217	0.001222	69.0
344	-0.067193	95.881962	11.319536	0.000870	70.5
345	-0.067530	95.081962	11.397546	0.000831	68.4
346	-0.066547	94.281962	11.476640	0.002161	68.9
347	-0.066869	95.281962	11.377943	0.001097	69.2
348	-0.069489	96.281962	11.280929	0.001380	70.8
349	-0.070017	95.481962	11.358407	0.001034	68.3
350	-0.069502	96.481962	11.261725	0.000533	66.6
351	-0.069972	97.481962	11.166675	0.002106	69.3
352	-0.067954	98.481962	11.073216	0.002510	69.8
353	-0.065188	99.481962	10.981308	0.001415	70.8
354	-0.066549	100.481962	10.890913	0.000923	69.7
355	-0.070283	99.681962	10.963109	0.001080	70.0
356	-0.064115	100.681962	10.873013	0.000801	71.3
357	-0.067169	101.681962	10.784385	0.000731	69.8
358	-0.067853	100.881963	10.855171	0.000738	69.8
359	-0.066411	101.881963	10.766833	0.001185	69.2
360	-0.066696	101.081963	10.837387	0.001174	70.0
361	-0.068152	102.081963	10.749337	0.001091	70.1
362	-0.064858	101.314050	10.816824	0.001540	67.5
363	-0.069292	100.514052	10.888037	0.000764	67.9
364	-0.067677	101.514052	10.799166	0.001169	69.0
365	-0.068564	100.714052	10.870146	0.000868	70.4
366	-0.070325	99.936692	10.940017	0.001328	74.9
367	-0.068480	100.936692	10.850299	0.000803	67.9
368	-0.065454	101.936692	10.762039	0.001044	67.3
369	-0.067394	102.936692	10.675204	0.000991	69.2
370	-0.066466	103.936692	10.589760	0.001766	70.5
371	-0.070487	104.936239	10.505709	0.000647	68.0
372	-0.068457	105.936233	10.422946	0.000556	67.8
373	-0.070888	105.136233	10.489052	0.001197	101.7
374	-0.066632	104.336233	10.556002	0.001428	66.2
375	-0.066452	105.336233	10.472447	0.000464	68.5
376	-0.065054	104.536236	10.539184	0.000674	69.7
377	-0.064959	105.536236	10.455894	0.001787	65.7
378	-0.067205	106.536235	10.373911	0.000617	70.9
379	-0.069186	105.752794	10.438031	0.000956	68.9
380	-0.069271	104.961555	10.503598	0.000799	71.7
381	-0.066872	105.961555	10.420867	0.001008	67.6
382	-0.066743	106.960437	10.339520	0.001492	70.9
383	-0.069560	107.841371	10.268825	0.000902	72.7
384	-0.066902	108.841371	10.189738	0.001001	71.8
385	-0.064902	108.041371	10.252910	0.000861	71.4
386	-0.064708	109.041371	10.174066	0.001356	69.0
387	-0.068554	110.041356	10.096427	0.001631	67.9
388	-0.066477	111.041356	10.019963	0.001035	71.9
389	-0.066283	112.041356	9.944649	0.000931	67.7
390	-0.069367	111.241356	10.004809	0.000550	70.2
391	-0.066209	110.480938	10.062672	0.000450	66.7
392	-0.066218	111.411980	9.991917	0.001222	71.2
393	-0.068894	112.367292	9.920345	0.001166	68.0
394	-0.068667	111.567292	9.980211	0.000812	71.6
395	-0.069986	110.767292	10.040804	0.000898	68.6
396	-0.066744	109.967292	10.102137	0.001150	68.7
397	-0.069976	109.167292	10.164224	0.000992	68.8
398	-0.070435	108.367317	10.227077	0.001140	69.5
399	-0.068428	107.567317	10.290714	0.001171	70.0
400	-0.064016	108.567317	10.211291	0.001185	68.5
401	-0.069066	109.567317	10.133083	0.001805	69.1
402	-0.063786	110.567317	10.056065	0.000918	68.5
403	-0.068848	109.767317	10.117586	0.001736	75.2
404	-0.067684	110.767317	10.040802	0.000897	71.4
405	-0.066784	111.767317	9.965175	0.001400	68.4
406	-0.069123	110.967317	10.025585	0.001146	65.9
407	-0.066423	110.167317	10.086732	0.001040	67.7
408	-0.071301	111.167317	10.010414	0.000690	67.0
409	-0.068618	110.367321	10.071375	0.000930	77.2
410	-0.070844	109.567325	10.133083	0.000965	71.0
411	-0.071193	110.567325	10.056065	0.000925	67.8
412	-0.066639	111.567273	9.980212	0.000930	69.9
413	-0.066188	110.767273	10.040805	0.000802	65.5
414	-0.067063	109.967273	10.102138	0.000740	68.3
415	-0.068942	110.967273	10.025588	0.000598	70.0
416	-0.067222	111.967273	9.950189	0.001299	65.9
417	-0.068827	112.967273	9.875916	0.000943	68.9
418	-0.067913	113.967273	9.802743	0.000720	67.0
419	-0.066188	113.167273	9.861194	0.000866	70.1
420	-0.070036	114.167231	9.788242	0.001193	68.8
421	-0.066911	115.167231	9.716358	0.001158	68.7
422	-0.062170	114.367231	9.773780	0.000728	67.4
423	-0.069366	115.367231	9.702107	0.001190	70.5
424	-0.067597	114.567231	9.759361	0.000833	69.4
425	-0.070636	115.567231	9.687899	0.001132	71.6
426	-0.072319	114.767231	9.744984	0.000808	68.5
427	-0.067404	115.767231	9.673732	0.001247	71.2
428	-0.068347	115.030346	9.726135	0.000562	72.0
429	-0.068968	116.030346	9.655157	0.000858	70.0
430	-0.066634	117.030343	9.585208	0.001621	70.1
431	-0.064662	118.030343	9.516265	0.001760	65.5
432	-0.067008	119.030343	9.448306	0.000919	72.1
433	-0.067663	120.030343	9.381311	0.001507	69.8
434	-0.066761	119.230343	9.434831	0.001849	67.4
435	-0.066101	120.230343	9.368026	0.001377	71.2
436	-0.071005	119.430343	9.421394	0.001226	70.2
437	-0.066340	120.430343	9.354778	0.001085	72.8
438	-0.068483	121.430343	9.289099	0.000439	68.8
439	-0.066655	120.685826	9.337910	0.001915	67.1
440	-0.066062	121.685826	9.272466	0.000659	69.0
441	-0.066117	120.885826	9.324748	0.001592	68.7
442	-0.070656	121.885826	9.259488	0.001393	67.1
443	-0.069804	121.085826	9.311622	0.001278	70.0
444	-0.068098	122.085826	9.246545	0.001188	66.5
445	-0.070787	121.285826	9.298534	0.000811	73.2
446	-0.068593	122.285760	9.233643	0.000924	68.1
447	-0.066869	123.285760	9.169647	0.001259	66.0
448	-0.068727	122.485760	9.220772	0.000834	67.7
449	-0.067821	123.450362	9.159198	0.001037	68.3
450	-0.067459	122.650362	9.210207	0.000859	69.6
451	-0.067928	123.650362	9.146535	0.000658	65.0
452	-0.066740	122.850572	9.197388	0.001241	67.1
453	-0.064824	123.850572	9.133892	0.000374	67.4
454	-0.066355	123.050572	9.184618	0.001047	68.1
455	-0.065856	122.254900	9.235632	0.000792	70.7
456	-0.069241	123.254900	9.171609	0.001534	68.1
457	-0.068646	124.254900	9.108467	0.001286	71.5
458	-0.064289	125.254900	9.046189	0.000839	67.8
459	-0.068047	124.497640	9.093271	0.000756	67.8
460	-0.066364	123.697640	9.143546	0.000727	67.1
461	-0.066853	122.915504	9.193238	0.001489	72.8
462	-0.066000	123.915504	9.129800	0.000868	68.8
463	-0.067263	124.915504	9.067231	0.001254	69.4
464	-0.068282	125.651939	9.021698	0.001341	67.3
465	-0.066770	124.851939	9.071182	0.000928	69.3
466	-0.071564	124.051939	9.121212	0.000551	68.4
467	-0.067667	123.251957	9.171796	0.001528	74.6
468	-0.071251	124.251957	9.108652	0.001141	72.5
469	-0.068765	125.251957	9.046371	0.001013	71.5
470	-0.068754	126.251957	8.984937	0.001310	70.4
471	-0.065527	127.251957	8.924331	0.001386	68.6
472	-0.067616	126.451957	8.972750	0.000782	69.4
473	-0.066066	127.451957	8.912308	0.000477	76.8
474	-0.064877	127.415826	8.914477	0.001079	69.5
475	-0.069351	126.615827	8.962789	0.001464	69.0
476	-0.071288	127.615826	8.902481	0.000896	69.2
477	-0.064052	128.615826	8.842978	0.001024	72.6
478	-0.067873	127.815826	8.890516	0.000627	68.7
479	-0.064775	128.699231	8.838052	0.001290	72.0
480	-0.063690	127.899231	8.885536	0.001321	70.9
481	-0.065866	128.899231	8.826260	0.000754	71.2
482	-0.067171	129.899231	8.767769	0.001268	69.0
483	-0.069064	130.899231	8.710048	0.001307	71.3
484	-0.066924	131.899231	8.653082	0.000691	69.9
485	-0.068204	132.899231	8.596856	0.001179	68.9
486	-0.066130	133.899231	8.541356	0.001054	70.0
487	-0.072215	133.099231	8.585698	0.001653	70.4
488	-0.063884	134.099231	8.530342	0.001743	72.2
489	-0.064525	135.099231	8.475695	0.001263	69.4
490	-0.069502	134.299237	8.519356	0.001595	69.9
491	-0.066599	135.299237	8.464850	0.001057	72.9
492	-0.066961	136.299237	8.411036	0.000595	71.5
493	-0.067324	137.299237	8.357902	0.000894	68.2
494	-0.069569	136.722612	8.388458	0.000685	72.9
495	-0.069525	135.922612	8.431223	0.001130	72.2
496	-0.065810	136.922612	8.377835	0.000494	69.6
497	-0.067844	137.922612	8.325118	0.001987	71.3
498	-0.068700	138.922612	8.273061	0.000520	71.0
499	-0.064556	139.922612	8.221651	0.000952	71.4
500	-0.069045	139.122612	8.262728	0.000996	71.7
501	-0.068472	138.322612	8.304217	0.001106	74.4
502	-0.067663	139.322600	8.252421	0.001496	71.0
503	-0.066476	138.522600	8.293806	0.000804	71.6
504	-0.070684	137.722600	8.335609	0.000707	69.9
505	-0.070200	138.722600	8.283421	0.001124	73.0
506	-0.069009	139.722600	8.231882	0.000675	69.7
507	-0.068025	140.722600	8.180981	0.001135	69.2
508	-0.073526	141.722600	8.130705	0.000936	69.6
509	-0.065999	142.722600	8.081044	0.000748	69.9
510	-0.065272	141.922683	8.120720	0.001557	72.5
511	-0.068844	141.123181	8.160767	0.000720	71.9
512	-0.067933	140.323181	8.201236	0.001148	72.1
513	-0.071161	141.323181	8.150712	0.001337	69.6
514	-0.068022	140.523181	8.191081	0.001222	70.7
515	-0.071450	141.523181	8.140682	0.001810	72.5
516	-0.066261	142.523181	8.090899	0.001345	70.5
517	-0.065138	143.523181	8.041721	0.001122	71.3
518	-0.066609	142.723181	8.081015	0.001314	71.0
519	-0.064974	143.715142	8.032349	0.001560	69.4
520	-0.069046	144.715142	7.983878	0.001004	72.3
521	-0.066885	143.915142	8.022608	0.000960	71.7
522	-0.065909	144.915142	7.974254	0.000946	71.3
523	-0.066064	144.115150	8.012890	0.001837	73.9
524	-0.069621	145.115150	7.964653	0.001470	70.2
525	-0.067443	146.115150	7.916993	0.000835	68.4
526	-0.070010	145.315150	7.955075	0.001577	76.3
527	-0.067061	144.515217	7.993522	0.000792	71.1
528	-0.067254	145.515217	7.945517	0.000488	69.3
529	-0.066162	144.715217	7.983875	0.001571	69.2
530	-0.067178	143.915217	8.022604	0.001792	70.0
531	-0.069724	143.115217	8.061711	0.000970	69.3
532	-0.069223	144.115217	8.012887	0.001011	69.6
533	-0.070942	143.315217	8.051899	0.001813	69.6
534	-0.070138	144.315217	8.003193	0.001369	71.7
535	-0.066745	145.315217	7.955072	0.001193	71.8
536	-0.065961	146.315217	7.907527	0.000589	68.6
537	-0.068654	145.517321	7.945417	0.000546	71.6
538	-0.065293	146.517263	7.897989	0.000438	71.2
539	-0.068665	147.517260	7.851122	0.000835	72.1
540	-0.065601	148.296619	7.814979	0.001509	71.3
541	-0.067617	149.296619	7.769089	0.001075	69.9
542	-0.069265	148.496619	7.805758	0.000928	70.5
543	-0.066924	149.496619	7.759975	0.001239	69.8
544	-0.068085	150.496619	7.714727	0.001081	70.8
545	-0.072730	149.696619	7.750883	0.000972	70.5
546	-0.069875	150.696619	7.705740	0.000723	69.8
547	-0.066502	149.896909	7.741799	0.000695	71.3
548	-0.068714	150.896909	7.696762	0.001126	70.5
549	-0.069943	150.096914	7.732749	0.000580	73.8
550	-0.066457	149.296914	7.769075	0.001176	70.0
551	-0.066011	148.496914	7.805744	0.000858	72.4
552	-0.069775	147.696914	7.842761	0.001521	68.7
553	-0.069747	146.896914	7.880130	0.001138	68.7
554	-0.067648	147.896914	7.833474	0.000671	71.7
555	-0.069516	147.096914	7.870754	0.001725	71.4
556	-0.071504	148.096914	7.824209	0.001083	69.0
557	-0.068069	147.296914	7.861401	0.000538	72.2
558	-0.068497	146.496914	7.898949	0.001515	68.2
559	-0.064362	147.496914	7.852070	0.000569	70.4
560	-0.067594	146.696914	7.889528	0.000400	69.3
561	-0.065857	145.898184	7.927285	0.000731	72.0
562	-0.068646	145.098609	7.965446	0.000863	67.7
563	-0.066496	144.298609	8.003997	0.000605	72.6
564	-0.067836	143.498609	8.042922	0.000905	71.7
565	-0.067130	142.698672	8.082225	0.001106	68.9
566	-0.066636	143.698672	8.033152	0.001406	72.0
567	-0.072595	144.698672	7.984672	0.000667	67.4
568	-0.066993	145.698672	7.936773	0.000781	65.8
569	-0.071485	144.898672	7.975046	0.000553	69.5
570	-0.068844	144.746030	7.982390	0.001009	69.5
571	-0.068660	145.746030	7.934519	0.000764	70.0
572	-0.067714	144.946030	7.972770	0.000641	70.2
573	-0.066557	145.946030	7.925013	0.000930	70.1
574	-0.068601	145.146030	7.963173	0.000819	71.2
575	-0.064664	146.146030	7.915531	0.000788	66.7
576	-0.067263	147.146030	7.868455	0.000998	68.2
577	-0.066886	146.346030	7.906071	0.000926	66.5
578	-0.069016	147.345928	7.859112	0.001208	70.1
579	-0.068451	146.545928	7.896638	0.001095	68.9
580	-0.070988	145.745928	7.934524	0.001299	70.9
581	-0.069896	146.745928	7.887223	0.001397	69.6
582	-0.067641	145.946170	7.925007	0.001172	67.2
583	-0.065880	145.146170	7.963166	0.000919	69.5
584	-0.069390	144.346170	8.001694	0.001274	71.4
585	-0.066308	145.346170	7.953592	0.001017	70.4
586	-0.066042	144.546170	7.992027	0.001306	70.8
587	-0.065779	143.746197	8.030835	0.001633	67.5
588	-0.066657	144.746192	7.982383	0.000289	69.1
589	-0.068501	145.746192	7.934511	0.001000	69.9
590	-0.068555	144.997248	7.970310	0.000848	73.6
591	-0.068250	145.997248	7.922583	0.000582	66.3
592	-0.067513	146.997248	7.875424	0.000698	67.9
593	-0.069758	147.997002	7.828834	0.000851	67.1
594	-0.068504	147.197138	7.866064	0.001620	69.0
595	-0.065877	146.407836	7.903152	0.001053	69.0
596	-0.069425	147.407836	7.856223	0.000789	74.5
597	-0.066624	148.407767	7.809852	0.001316	69.5
598	-0.069784	149.407767	7.764021	0.001667	69.8
599	-0.071891	148.607767	7.800642	0.001096	71.1
600	-0.068889	149.607767	7.754920	0.000874	68.4
601	-0.067158	150.607729	7.709732	0.000818	68.0
602	-0.068330	151.548761	7.667685	0.000945	69.7
603	-0.068260	151.284491	7.679446	0.000744	70.6
604	-0.071060	152.210444	7.638393	0.000824	68.5
605	-0.067556	151.410444	7.673836	0.000995	67.1
606	-0.066982	152.410444	7.629584	0.001097	67.9
607	-0.067534	151.610444	7.664945	0.001812	76.2
608	-0.068721	150.810444	7.700635	0.000741	68.8
609	-0.067002	151.810444	7.656074	0.001647	70.1
610	-0.067794	151.010444	7.691681	0.001128	69.0
611	-0.065378	152.010444	7.647223	0.001334	67.6
612	-0.065060	151.210444	7.682748	0.001112	70.3
613	-0.070105	152.210444	7.638393	0.001211	70.5
614	-0.067714	153.210444	7.594548	0.000794	68.0
615	-0.070010	154.210444	7.551202	0.000875	70.1
616	-0.070429	153.411538	7.585791	0.000312	72.1
617	-0.066956	154.411537	7.542546	0.000618	67.9
618	-0.069068	155.340258	7.502822	0.000592	69.5
619	-0.068765	156.340258	7.460514	0.000976	68.5
620	-0.066442	155.540258	7.494322	0.001104	69.1
621	-0.069539	156.540258	7.452110	0.000764	70.5
622	-0.070052	157.540258	7.410371	0.000959	67.5
623	-0.067691	156.740258	7.443725	0.001069	71.6
624	-0.067348	155.940258	7.477380	0.000529	60.9
625	-0.070381	156.940253	7.435358	0.000497	63.4
626	-0.066486	156.142376	7.468848	0.001287	70.0
627	-0.066997	156.395142	7.458206	0.000675	68.0
628	-0.066305	157.395142	7.416399	0.001344	72.9
629	-0.073746	156.595142	7.449807	0.000547	69.2
630	-0.066986	157.595142	7.408094	0.001812	69.5
631	-0.071118	158.595142	7.366845	0.000543	67.3
632	-0.068605	157.795142	7.399807	0.000619	69.4
633	-0.069000	158.764394	7.359909	0.001382	70.9
634	-0.069041	157.964394	7.392809	0.000576	67.6
635	-0.068250	158.947980	7.352400	0.001232	67.9
636	-0.065191	158.147980	7.385233	0.000924	69.2
637	-0.066222	157.347991	7.418360	0.001068	70.2
638	-0.067983	156.552285	7.451605	0.002121	69.3
639	-0.067842	155.752285	7.485332	0.001354	69.4
640	-0.066643	156.752285	7.443221	0.000970	69.1
641	-0.066499	157.751822	7.401600	0.000989	69.8
642	-0.071471	158.751822	7.360423	0.000770	68.3
643	-0.070500	159.751822	7.319702	0.001055	68.0
644	-0.066639	158.952481	7.352216	0.000552	70.7
645	-0.066035	158.152482	7.385047	0.001202	70.4
646	-0.069345	159.152482	7.344054	0.001345	68.8
647	-0.065405	158.352482	7.376812	0.000793	67.6
648	-0.068755	157.552482	7.409864	0.001223	70.5
649	-0.067327	158.552482	7.368595	0.000420	72.1
650	-0.067726	159.552482	7.327784	0.002599	67.8
651	-0.069803	160.552482	7.287422	0.001387	71.6
652	-0.067758	161.552482	7.247502	0.000739	70.6
653	-0.065017	160.752482	7.279403	0.000861	71.1
654	-0.069153	161.752481	7.239571	0.001310	71.3
655	-0.068006	160.952481	7.271401	0.001405	66.5
656	-0.066474	161.952481	7.231657	0.000585	71.0
657	-0.067198	162.933423	7.193089	0.001345	69.7
658	-0.069460	163.933423	7.154194	0.000549	70.7
659	-0.069649	164.933423	7.115716	0.001116	67.8
660	-0.069393	164.133423	7.146465	0.001719	71.6
661	-0.068732	165.133423	7.108071	0.001589	68.3
662	-0.066371	166.133423	7.070087	0.000776	69.2
663	-0.070641	167.133423	7.032507	0.000951	68.4
664	-0.067701	167.448572	7.020746	0.000830	67.2
665	-0.068936	168.448572	6.983687	0.001147	69.1
666	-0.070037	167.648572	7.013303	0.001598	73.2
667	-0.070179	168.648572	6.976322	0.000820	70.1
668	-0.069451	169.642845	6.939938	0.002136	71.3
669	-0.068978	168.842845	6.969183	0.000706	66.3
670	-0.069448	169.842845	6.932665	0.001321	70.0
671	-0.067317	170.842845	6.896528	0.000701	77.3
672	-0.064814	170.042846	6.925407	0.001952	71.6
673	-0.064651	169.242846	6.954530	0.001139	68.7
674	-0.065447	170.242846	6.918165	0.001056	67.2
675	-0.069073	169.442846	6.947226	0.000836	69.3
676	-0.066558	170.431096	6.911362	0.000908	71.0
677	-0.067699	169.663874	6.939173	0.001624	66.0
678	-0.067479	170.663874	6.902968	0.000406	68.3
679	-0.065436	171.663874	6.867139	0.001436	69.8
680	-0.064293	170.863874	6.895772	0.000851	71.8
681	-0.069563	171.863874	6.860017	0.001312	68.3
682	-0.064971	171.063874	6.888591	0.001055	70.9
683	-0.066065	170.263874	6.917404	0.001567	67.2
684	-0.071014	171.263874	6.881426	0.001806	71.7
685	-0.068063	172.263874	6.845819	0.001050	73.2
686	-0.069747	171.463874	6.874275	0.001452	68.9
687	-0.069006	172.463874	6.838742	0.000918	70.8
688	-0.069208	171.663874	6.867139	0.001130	69.8
689	-0.068245	170.863874	6.895772	0.000460	70.7
690	-0.067658	171.729022	6.864817	0.001258	67.6
691	-0.071627	170.954447	6.892518	0.001601	70.5
692	-0.070694	170.154447	6.921364	0.000656	65.3
693	-0.066429	169.354447	6.950452	0.001750	69.8
694	-0.068810	170.354447	6.914130	0.000788	67.6
695	-0.064611	169.554448	6.943157	0.001039	71.4
696	-0.067726	168.754451	6.972429	0.001588	67.0
697	-0.066644	167.989463	7.000652	0.001091	72.1
698	-0.067262	167.189463	7.030412	0.000822	66.8
699	-0.068826	166.500208	7.056256	0.000613	68.9
700	-0.069608	167.500208	7.018823	0.000548	71.2
701	-0.068766	166.700208	7.048738	0.001222	71.1
702	-0.066317	167.700207	7.011384	0.001571	70.8
703	-0.067030	168.700207	6.974423	0.001233	67.8
704	-0.067727	169.700207	6.937850	0.000473	70.3
705	-0.066440	170.700207	6.901659	0.001216	68.1
706	-0.071752	171.644569	6.867827	0.001691	70.8
707	-0.067709	170.844569	6.896466	0.001178	67.2
708	-0.067651	170.044569	6.925345	0.000884	68.6
709	-0.065122	171.044569	6.889284	0.001015	69.7
710	-0.067578	172.044569	6.853596	0.001019	67.9
711	-0.067882	173.044569	6.818276	0.001408	69.1
712	-0.069875	174.044569	6.783319	0.001604	68.3
713	-0.066694	175.044569	6.748718	0.001511	67.4
714	-0.068449	176.044569	6.714468	0.001098	69.4
715	-0.066427	177.044569	6.680565	0.001583	67.4
716	-0.065945	176.244569	6.707660	0.001338	69.1
717	-0.068157	177.244569	6.673825	0.001654	71.5
718	-0.068692	176.444569	6.700866	0.001044	70.4
719	-0.067193	175.644569	6.728126	0.000995	72.8
720	-0.065875	176.644569	6.694085	0.000861	67.1
721	-0.068849	177.644569	6.660386	0.000808	71.3
722	-0.066227	178.644569	6.627025	0.000405	67.5
723	-0.068364	179.644569	6.593996	0.001480	66.8
724	-0.069227	180.644569	6.561295	0.000403	69.1
725	-0.068229	181.644569	6.528917	0.000650	65.0
726	-0.064417	182.644569	6.496856	0.000604	69.4
727	-0.068569	183.644566	6.465109	0.000657	70.4
728	-0.067761	184.644566	6.433671	0.001054	69.6
729	-0.067872	185.644566	6.402537	0.000743	73.7
730	-0.067765	186.644566	6.371703	0.000983	70.8
731	-0.065444	187.644566	6.341165	0.000546	73.5
732	-0.066666	187.851088	6.334894	0.001490	68.3
733	-0.065492	187.061363	6.358939	0.000725	70.1
734	-0.070359	188.061178	6.328528	0.000977	68.7
735	-0.067519	187.261178	6.352838	0.001048	69.9
736	-0.065258	186.461178	6.377335	0.000728	71.9
737	-0.064621	187.461178	6.346743	0.001291	70.5
738	-0.070647	186.661178	6.371193	0.000852	67.9
739	-0.073005	185.861260	6.395830	0.000561	71.2
740	-0.071816	185.061260	6.420661	0.001749	72.3
741	-0.066490	184.261260	6.445685	0.001676	70.9
742	-0.068072	185.261260	6.414435	0.000975	69.8
743	-0.070769	186.261260	6.383487	0.001508	68.2
744	-0.068810	187.261260	6.352835	0.000761	69.5
745	-0.065064	188.261260	6.322477	0.001159	69.3
746	-0.064081	189.261259	6.292408	0.000933	66.9
747	-0.066934	190.261259	6.262623	0.001359	68.5
748	-0.068058	191.261259	6.233118	0.001280	75.8
749	-0.066891	192.261259	6.203891	0.001293	71.5
750	-0.067639	191.461259	6.227251	0.000782	68.1
751	-0.066785	192.461259	6.198078	0.001178	70.3
752	-0.065354	191.661259	6.221394	0.001175	68.3
753	-0.067069	192.661259	6.192276	0.000657	69.3
754	-0.067226	193.661259	6.163429	0.001628	69.3
755	-0.068240	192.861259	6.186485	0.001522	71.8
756	-0.066934	193.861259	6.157692	0.000837	70.6
757	-0.065778	194.861259	6.129166	0.001423	69.3
758	-0.068996	194.061259	6.151966	0.001293	69.6
759	-0.064972	195.061259	6.123493	0.001048	67.0
760	-0.069211	194.261259	6.146250	0.000912	70.3
761	-0.067711	195.261236	6.117830	0.000713	66.3
762	-0.066604	194.461236	6.140546	0.001646	69.7
763	-0.064737	193.661236	6.163430	0.000927	68.8
764	-0.068031	194.661236	6.134851	0.000923	71.6
765	-0.066722	195.661236	6.106535	0.001094	70.0
766	-0.068651	194.861236	6.129167	0.000643	69.3
767	-0.067573	195.861234	6.100904	0.000885	71.5
768	-0.066508	195.061234	6.123493	0.001072	67.4
769	-0.068014	196.061234	6.095282	0.001305	72.8
770	-0.067576	195.261234	6.117830	0.000572	68.6
771	-0.067399	196.261234	6.089671	0.000576	69.6
772	-0.066004	197.038932	6.067951	0.001140	73.9
773	-0.071726	197.809939	6.046570	0.000996	69.9
774	-0.064752	197.009939	6.068758	0.000461	68.7
775	-0.070172	198.009939	6.041048	0.002133	70.5
776	-0.064061	197.309579	6.060428	0.000765	67.8
777	-0.068795	197.689398	6.049902	0.000655	71.6
778	-0.068983	198.689398	6.022364	0.001010	70.3
779	-0.066753	199.069741	6.011956	0.000702	71.7
780	-0.068164	200.069741	5.984761	0.001078	69.0
781	-0.066979	201.069741	5.957811	0.001075	69.9
782	-0.067507	200.962586	5.960687	0.001446	71.7
783	-0.067934	200.162586	5.982248	0.002394	67.8
784	-0.067283	199.362586	6.003966	0.000921	68.2
785	-0.063719	200.362586	5.976843	0.000887	71.3
786	-0.068935	199.562586	5.998522	0.001692	66.9
787	-0.069421	200.562586	5.971448	0.001174	71.2
788	-0.067820	201.562586	5.944618	0.000695	69.9
789	-0.067653	202.562586	5.918027	0.001149	78.1
790	-0.068340	203.562586	5.891674	0.000756	70.1
791	-0.069950	204.562586	5.865554	0.001401	66.5
792	-0.067875	203.762586	5.886431	0.000702	70.4
793	-0.068563	204.762586	5.860358	0.000857	69.5
794	-0.064065	205.762586	5.834514	0.001044	70.5
795	-0.067912	204.962586	5.855171	0.000631	68.6
796	-0.067023	204.162586	5.875974	0.000762	71.5
797	-0.068619	203.362586	5.896926	0.001235	73.2
798	-0.068562	204.362586	5.870759	0.001210	70.0
799	-0.069950	205.362586	5.844824	0.000820	72.1
800	-0.064816	204.562586	5.865554	0.000753	70.3
801	-0.070385	205.562586	5.839665	0.000518	71.0
802	-0.070681	204.762586	5.860358	0.001488	71.1
803	-0.067237	205.762586	5.834514	0.001061	68.8
804	-0.070257	206.762586	5.808898	0.001465	72.1
805	-0.068307	205.962634	5.829372	0.000663	68.8
806	-0.067349	206.962620	5.803800	0.001370	72.2
807	-0.069848	207.953058	5.778693	0.000947	68.8
808	-0.066001	207.153058	5.798956	0.001012	69.7
809	-0.069250	208.153058	5.773650	0.000901	69.0
810	-0.068802	209.153058	5.748564	0.001201	71.0
811	-0.067880	210.153058	5.723695	0.000930	68.0
812	-0.068516	211.150414	5.699105	0.000818	72.1
813	-0.068086	212.150414	5.674661	0.001499	66.6
814	-0.069171	211.350434	5.694199	0.001679	68.7
815	-0.070677	212.350434	5.669797	0.000411	66.8
816	-0.065254	213.350396	5.645604	0.001163	70.8
817	-0.062875	212.550396	5.664942	0.001288	70.3
818	-0.068748	211.750396	5.684414	0.000706	67.2
819	-0.068241	210.950396	5.704019	0.000767	67.1
820	-0.068338	211.950396	5.679533	0.001481	68.1
821	-0.069849	212.950396	5.655257	0.000431	65.9
822	-0.067706	212.150396	5.674661	0.001159	69.0
823	-0.071390	213.150362	5.650427	0.001367	67.6
824	-0.068531	214.150358	5.626398	0.000784	66.9
825	-0.065738	213.624577	5.639007	0.000805	71.1
826	-0.070715	212.958037	5.655072	0.001039	64.7
827	-0.070538	212.158037	5.674475	0.000586	71.9
828	-0.068177	213.158037	5.650242	0.001320	71.1
829	-0.068062	214.158037	5.626214	0.001071	67.2
830	-0.069605	213.358037	5.645420	0.000665	70.5
831	-0.066078	214.358037	5.621433	0.001455	71.4
832	-0.067407	213.653207	5.638319	0.001053	68.9
833	-0.067794	214.653207	5.614392	0.000781	70.2
834	-0.065860	213.853207	5.633517	0.001397	69.4
835	-0.068503	213.053207	5.652772	0.000653	69.8
836	-0.067495	212.253207	5.672160	0.000908	67.9
837	-0.070170	211.453207	5.691681	0.001384	67.6
838	-0.066522	212.453207	5.667301	0.000496	68.1
839	-0.064873	213.453207	5.643128	0.000733	67.2
840	-0.066327	214.453207	5.619161	0.000979	70.0
841	-0.068206	213.679385	5.637690	0.001802	68.6
842	-0.067049	214.679385	5.613769	0.001093	68.3
843	-0.066503	213.879385	5.632889	0.000678	69.2
844	-0.068652	214.879385	5.609009	0.000731	70.3
845	-0.067362	214.086488	5.627927	0.001002	69.8
846	-0.068547	215.086487	5.604088	0.000975	69.5
847	-0.068816	216.086487	5.580451	0.000665	70.9
848	-0.069252	217.086487	5.557012	0.000886	68.5
849	-0.072074	218.086346	5.533773	0.000517	67.5
850	-0.066008	218.920628	5.514530	0.000964	71.8
851	-0.068354	218.121060	5.532969	0.000903	67.4
852	-0.070271	219.121060	5.509927	0.001142	70.7
853	-0.067075	218.321060	5.528346	0.001078	68.3
854	-0.066443	219.321059	5.505342	0.001752	68.7
855	-0.063684	220.321059	5.482528	0.000979	67.9
856	-0.067884	221.321059	5.459903	0.000269	71.0
857	-0.069447	222.321058	5.437464	0.000976	73.0
858	-0.065455	223.319941	5.415233	0.000996	68.9
859	-0.068705	222.519941	5.433023	0.000919	70.2
860	-0.066377	223.519941	5.410804	0.000900	70.7
861	-0.070692	222.719941	5.428565	0.001377	68.1
862	-0.067445	221.919941	5.446443	0.000560	70.4
863	-0.067214	222.919941	5.424114	0.000794	65.6
864	-0.064272	222.120179	5.441957	0.001219	67.5
865	-0.065582	223.120173	5.419665	0.001067	66.9
866	-0.066685	222.320173	5.437484	0.000630	68.4
867	-0.067124	223.320173	5.415228	0.000983	73.7
868	-0.069935	224.320173	5.393154	0.000821	67.2
869	-0.069868	225.320173	5.371259	0.000943	67.5
870	-0.067949	224.534442	5.388448	0.000799	71.1
871	-0.069785	223.734442	5.406062	0.001090	69.2
872	-0.068335	224.734442	5.384062	0.000829	69.5
873	-0.065244	223.934442	5.401648	0.001346	72.1
874	-0.070589	224.934429	5.379684	0.000935	66.9
875	-0.065215	225.934429	5.357898	0.000699	73.4
876	-0.068045	225.923879	5.358127	0.000860	70.1
877	-0.069724	225.123879	5.375543	0.000944	70.7
878	-0.071208	224.355824	5.392371	0.001064	70.5
879	-0.073915	223.555824	5.410010	0.000798	66.4
880	-0.065807	222.918694	5.424142	0.001230	71.5
881	-0.068045	223.918694	5.401995	0.001074	71.8
882	-0.067209	224.918694	5.380028	0.001312	67.5
883	-0.071716	224.118694	5.397587	0.001117	70.1
884	-0.067716	225.107558	5.375900	0.001070	69.2
885	-0.067612	226.107558	5.354144	0.000874	68.7
886	-0.068078	226.731561	5.340658	0.001174	69.4
887	-0.067239	226.256427	5.350921	0.000586	70.9
888	-0.067527	227.256427	5.329367	0.002075	69.3
889	-0.069908	226.456428	5.346596	0.001845	70.7
890	-0.068686	227.456428	5.325077	0.001326	68.6
891	-0.067049	226.656428	5.342278	0.001340	71.3
892	-0.069654	227.656428	5.320794	0.002021	76.2
893	-0.067283	226.856428	5.337967	0.000710	67.9
894	-0.066363	227.856428	5.316517	0.001287	70.7
895	-0.067710	227.056428	5.333664	0.002146	71.4
896	-0.069407	228.056428	5.312248	0.000812	68.4
897	-0.071717	229.056428	5.291004	0.000954	69.2
898	-0.066284	230.056428	5.269929	0.001443	68.8
899	-0.068420	229.256428	5.286775	0.001680	78.4
900	-0.069444	230.256428	5.265734	0.000973	68.7
901	-0.068155	229.456640	5.282549	0.002108	70.0
902	-0.061192	230.194058	5.267041	0.001067	70.6
903	-0.070548	229.394058	5.283869	0.000644	66.2
904	-0.067629	230.394058	5.262851	0.000413	71.0
905	-0.066416	229.595328	5.279626	0.001123	72.0
906	-0.069757	228.795328	5.296534	0.001530	69.1
907	-0.066604	229.795328	5.275415	0.001472	70.1
908	-0.063835	230.795328	5.254464	0.001144	71.6
909	-0.066200	231.795328	5.233679	0.000729	70.0
910	-0.068510	232.795328	5.213057	0.000876	70.9
911	-0.067694	231.995328	5.229541	0.000890	67.8
912	-0.067231	232.995328	5.208952	0.001224	69.7
913	-0.069890	233.995328	5.188525	0.000962	66.7
914	-0.067977	233.199099	5.204777	0.000951	69.3
915	-0.068305	234.198970	5.184384	0.000694	70.0
916	-0.067416	235.198970	5.164149	0.000837	72.0
917	-0.065320	236.198970	5.144070	0.000687	69.6
918	-0.066309	237.198970	5.124147	0.001450	68.0
919	-0.067170	236.398971	5.140073	0.000956	74.7
920	-0.069713	237.398481	5.120191	0.000774	70.4
921	-0.068201	238.398481	5.100452	0.000759	68.6
922	-0.068773	239.349740	5.081816	0.000592	69.3
923	-0.066042	240.349646	5.062374	0.000977	74.4
924	-0.067400	239.549646	5.077917	0.000582	70.7
925	-0.066042	240.549646	5.058502	0.000714	71.1
926	-0.070652	241.549646	5.039236	0.000963	69.7
927	-0.067672	242.549646	5.020115	0.001188	70.6
928	-0.067847	243.549646	5.001139	0.001897	70.2
929	-0.069921	242.749646	5.016308	0.001544	71.6
930	-0.068586	243.749646	4.997361	0.000619	71.1
931	-0.067377	242.949646	5.012507	0.001391	66.7
932	-0.064462	243.949646	4.993589	0.000575	73.5
933	-0.067454	244.949646	4.974812	0.001274	72.0
934	-0.068629	245.949646	4.956176	0.000959	71.7
935	-0.068737	246.949590	4.937681	0.000759	70.9
936	-0.068996	246.149592	4.952467	0.001022	68.3
937	-0.068500	247.149590	4.933998	0.001224	71.6
938	-0.067344	248.149590	4.915666	0.001122	65.6
939	-0.066862	247.349590	4.930321	0.000904	70.7
940	-0.064936	248.349590	4.912016	0.001289	72.8
941	-0.066825	247.549590	4.926649	0.000754	68.9
942	-0.069098	247.101538	4.934882	0.001088	72.9
943	-0.068139	248.101538	4.916544	0.000803	71.9
944	-0.070229	247.301538	4.931204	0.001870	69.5
945	-0.067329	248.301538	4.912893	0.000648	68.9
946	-0.068927	247.501538	4.927531	0.001080	69.6
947	-0.067902	248.501538	4.909247	0.000755	70.6
948	-0.065930	249.489225	4.891321	0.001328	68.5
949	-0.069707	250.489225	4.873304	0.001488	68.9
950	-0.068091	251.489213	4.855420	0.000826	72.8
951	-0.066854	252.489213	4.837666	0.001419	68.1
952	-0.066561	251.689213	4.851859	0.000520	67.0
953	-0.071088	252.689081	4.834133	0.001683	68.6
954	-0.065390	251.889081	4.848305	0.001222	69.6
955	-0.062816	252.889081	4.830603	0.001135	69.6
956	-0.066257	252.094218	4.844663	0.001350	70.4
957	-0.065902	253.094218	4.826988	0.001477	71.8
958	-0.071507	252.294218	4.841118	0.000711	69.9
959	-0.062828	251.494218	4.855331	0.000592	69.2
960	-0.064241	250.694468	4.869623	0.000954	70.5
961	-0.067896	251.690557	4.851835	0.001750	71.2
962	-0.068011	252.690557	4.834107	0.000873	70.0
963	-0.066388	251.890557	4.848279	0.001390	70.8
964	-0.065219	252.890554	4.830577	0.000238	72.0
965	-0.070253	252.090554	4.844728	0.001243	70.4
966	-0.069568	253.090554	4.827053	0.000548	68.9
967	-0.071529	254.090554	4.809505	0.000666	65.5
968	-0.064356	253.652877	4.817170	0.001067	69.2
969	-0.068390	254.652877	4.799694	0.001154	70.1
970	-0.066421	255.652877	4.782345	0.001865	68.6
971	-0.066472	256.652877	4.765121	0.000643	71.2
972	-0.069836	255.852877	4.778890	0.000418	71.5
973	-0.069246	255.052877	4.792739	0.001256	68.2
974	-0.070574	256.052877	4.775440	0.000846	71.3
975	-0.064218	255.252877	4.789270	0.001192	69.2
976	-0.069349	256.252877	4.771996	0.000983	70.9
977	-0.070303	255.452902	4.785804	0.000640	71.5
978	-0.067786	256.451610	4.768578	0.001117	68.6
979	-0.069331	255.651816	4.782363	0.000372	67.8
980	-0.066808	256.651810	4.765139	0.001067	66.4
981	-0.067101	257.648817	4.748090	0.000745	66.0
982	-0.069163	256.848902	4.761759	0.001264	68.2
983	-0.068400	257.848867	4.744683	0.001249	75.5
984	-0.067462	258.848867	4.727729	0.001345	70.1
985	-0.067683	259.848867	4.710895	0.000648	66.5
986	-0.072049	259.048867	4.724352	0.000728	68.5
987	-0.067667	260.048867	4.707543	0.000685	68.4
988	-0.072186	261.048867	4.690852	0.000816	69.1
989	-0.067756	262.048867	4.674280	0.000545	69.9
990	-0.066195	261.249559	4.687517	0.000749	71.0
991	-0.066736	261.372479	4.685476	0.001189	69.2
992	-0.069270	260.572479	4.698789	0.001102	67.8
993	-0.068235	259.772479	4.712177	0.001093	71.4
994	-0.065097	258.973265	4.725628	0.000601	67.2
995	-0.068741	259.973265	4.708809	0.000642	68.4
996	-0.068218	260.885009	4.693579	0.000887	70.2
997	-0.068605	261.885009	4.676987	0.000742	66.8
998	-0.068389	262.854930	4.661006	0.001068	70.0
999	-0.065276	262.054930	4.674179	0.000959	74.1
