1:ItNr	2:Metric	3a:Time	3b:StepSize	4:||Gradient||	Time[ms]
0	0.132317	0.000000	13.958039	0.046312	276.2
1	0.135924	0.000000	13.958039	0.023533	76.9
2	0.128019	1.000000	13.323583	0.014315	76.4
3	0.125623	0.200000	13.826359	0.017297	74.1
4	0.128645	0.000000	13.958039	0.026376	76.6
5	0.127349	1.000000	13.323583	0.017610	73.8
6	0.122755	2.000000	12.744296	0.012195	74.2
7	0.122653	1.200000	13.203550	0.012795	75.3
8	0.117448	0.400000	13.697141	0.023490	75.2
9	0.120509	1.400000	13.085661	0.024933	76.3
10	0.112121	2.400000	12.526445	0.013466	75.4
11	0.109704	1.600000	12.969859	0.015044	72.3
12	0.109851	0.800000	13.445817	0.023727	72.9
13	0.110496	1.800000	12.856088	0.025138	74.5
14	0.107819	2.800000	12.315917	0.024498	72.4
15	0.106158	3.800000	11.819307	0.021659	74.6
16	0.101547	4.800000	11.361194	0.015982	73.3
17	0.103529	5.800000	10.937269	0.018095	74.0
18	0.103159	5.000000	11.273801	0.022187	74.5
19	0.095800	6.000000	10.856252	0.025811	72.6
20	0.090586	7.000000	10.468529	0.019781	74.1
21	0.090450	8.000000	10.107545	0.017411	73.6
22	0.092079	9.000000	9.770627	0.019845	73.2
23	0.092067	10.000000	9.455446	0.026284	73.4
24	0.090179	11.000000	9.159963	0.019117	72.7
25	0.085026	12.000000	8.882388	0.014030	73.1
26	0.085123	13.000000	8.621142	0.017823	73.1
27	0.085387	14.000000	8.374823	0.026151	72.0
28	0.081748	15.000000	8.142189	0.017308	72.3
29	0.084749	16.000000	7.922130	0.013601	71.6
30	0.082733	17.000000	7.713653	0.017648	73.7
31	0.087505	18.000000	7.515867	0.026228	72.1
32	0.082866	19.000000	7.327970	0.017114	72.1
33	0.084894	20.000000	7.149239	0.013407	72.6
34	0.080145	21.000000	6.979019	0.016526	74.8
35	0.086194	22.000000	6.816717	0.027099	74.3
36	0.086900	23.000000	6.661791	0.017416	72.2
37	0.082319	24.000000	6.513751	0.011637	74.3
38	0.084521	25.000000	6.372148	0.016193	77.2
39	0.084889	26.000000	6.236571	0.027786	71.1
40	0.087096	27.000000	6.106642	0.016169	71.8
41	0.082790	28.000000	5.982017	0.010130	70.7
42	0.082190	29.000000	5.862376	0.015019	72.1
43	0.083081	30.000000	5.747428	0.027762	73.0
44	0.083171	31.000000	5.636900	0.016747	70.6
45	0.080426	32.000000	5.530544	0.011896	70.8
46	0.079089	33.000000	5.428126	0.013808	73.0
47	0.077439	34.000000	5.329433	0.026082	69.4
48	0.079953	35.000000	5.234265	0.015262	70.7
49	0.079883	36.000000	5.142435	0.010673	75.9
50	0.078885	37.000000	5.053773	0.014558	77.5
51	0.080313	38.000000	4.968116	0.027643	72.6
52	0.079561	39.000000	4.885314	0.015168	71.9
53	0.079759	40.000000	4.805226	0.010090	74.3
54	0.079592	41.000000	4.727723	0.010819	70.6
55	0.078885	42.000000	4.652680	0.020385	70.5
56	0.076024	43.000000	4.579982	0.015857	73.8
57	0.078235	44.000000	4.509520	0.012792	72.1
58	0.080266	45.000000	4.441194	0.015232	70.7
59	0.082179	46.000000	4.374908	0.019282	71.1
60	0.078042	47.000000	4.310571	0.016437	73.8
61	0.077417	48.000000	4.248099	0.013177	70.8
62	0.082050	49.000000	4.187412	0.015692	74.4
63	0.078941	50.000000	4.128434	0.018684	72.4
64	0.082115	51.000000	4.071095	0.015894	71.8
65	0.078979	52.000000	4.015326	0.012888	70.9
66	0.079267	53.000000	3.961065	0.015380	74.9
67	0.078548	54.000000	3.908251	0.018909	76.7
68	0.080281	55.000000	3.856827	0.015933	71.4
69	0.076598	56.000000	3.806738	0.010183	71.7
70	0.080902	57.000000	3.757934	0.013953	70.8
71	0.079709	58.000000	3.710365	0.018272	71.0
72	0.079755	59.000000	3.663985	0.015185	71.9
73	0.076441	60.000000	3.618751	0.013120	69.8
74	0.076522	61.000000	3.574620	0.014337	69.9
75	0.075408	62.000000	3.531552	0.017767	70.5
76	0.073311	63.000000	3.489510	0.015294	72.4
77	0.076560	64.000000	3.448457	0.009319	71.5
78	0.074679	65.000000	3.408358	0.013834	69.4
79	0.075230	66.000000	3.369182	0.019411	70.7
80	0.075045	67.000000	3.330896	0.014568	79.0
81	0.076385	68.000000	3.293470	0.006025	77.0
82	0.073049	69.000000	3.256876	0.011629	78.4
83	0.074801	70.000000	3.221086	0.019926	76.0
84	0.076379	71.000000	3.186074	0.014343	77.1
85	0.074216	72.000000	3.151815	0.008467	75.2
86	0.074751	73.000000	3.118285	0.013896	77.7
87	0.073418	74.000000	3.085461	0.019951	74.9
88	0.078484	75.000000	3.053321	0.014454	75.2
89	0.073861	76.000000	3.021843	0.011543	77.0
90	0.076007	77.000000	2.991008	0.012945	77.4
91	0.077349	78.000000	2.960796	0.016091	78.7
92	0.075403	79.000000	2.931188	0.014139	76.6
93	0.075867	80.000000	2.902166	0.009849	79.3
94	0.077061	81.000000	2.873714	0.013984	76.1
95	0.078776	82.000000	2.845814	0.017945	76.5
96	0.074643	83.000000	2.818450	0.014248	77.5
97	0.077928	84.000000	2.791608	0.010769	75.7
98	0.073668	85.000000	2.765272	0.013740	74.9
99	0.074702	86.000000	2.739428	0.018749	76.7
100	0.076129	87.000000	2.714063	0.015657	73.2
101	0.075693	88.000000	2.689163	0.010181	77.0
102	0.074145	89.000000	2.664717	0.013923	75.5
103	0.075150	90.000000	2.640710	0.018318	75.5
104	0.073905	91.000000	2.617132	0.014700	76.1
105	0.073527	92.000000	2.593972	0.011349	78.1
106	0.069839	93.000000	2.571218	0.013131	75.3
107	0.068881	94.000000	2.548859	0.016370	76.4
108	0.070670	95.000000	2.526886	0.014258	74.1
109	0.069021	96.000000	2.505289	0.009681	77.4
110	0.066981	97.000000	2.484058	0.013070	76.4
111	0.069048	98.000000	2.463183	0.017327	72.6
112	0.070400	99.000000	2.442657	0.013099	74.2
113	0.070598	100.000000	2.422470	0.007213	74.4
114	0.067164	101.000000	2.402613	0.013638	77.1
115	0.068145	102.000000	2.383080	0.020074	75.9
116	0.069536	103.000000	2.363861	0.012847	76.3
117	0.069831	104.000000	2.344951	0.007704	76.8
118	0.069348	105.000000	2.326340	0.014546	74.2
119	0.070291	106.000000	2.308022	0.021881	76.3
120	0.070223	107.000000	2.289991	0.012840	75.5
121	0.069038	108.000000	2.272239	0.004269	79.5
122	0.070396	107.200000	2.286418	0.003662	76.7
123	0.068846	106.400000	2.300776	0.004162	75.6
124	0.069092	105.600000	2.315315	0.005274	80.8
125	0.067224	104.800000	2.330038	0.008867	72.9
126	0.069309	105.800000	2.311663	0.014540	75.2
127	0.071562	106.800000	2.293574	0.021533	71.9
128	0.069170	107.800000	2.275767	0.013559	77.5
129	0.070578	108.800000	2.258234	0.006980	74.8
130	0.068258	109.800000	2.240970	0.010236	74.7
131	0.069102	110.800000	2.223967	0.017822	75.5
132	0.068872	111.800000	2.207220	0.013440	76.9
133	0.068507	112.800000	2.190724	0.008619	77.1
134	0.071248	113.800000	2.174472	0.014077	78.6
135	0.068897	114.800000	2.158460	0.019896	75.8
136	0.070760	115.800000	2.142681	0.013508	74.2
137	0.070106	116.800000	2.127132	0.006590	73.6
138	0.068118	117.800000	2.111807	0.010602	82.3
139	0.069734	118.800000	2.096701	0.017088	78.0
140	0.069494	119.800000	2.081810	0.013128	76.5
141	0.071868	120.800000	2.067128	0.007887	73.5
142	0.070461	121.800000	2.052653	0.014205	75.8
143	0.070321	122.800000	2.038378	0.020918	74.6
144	0.064804	123.800000	2.024301	0.011494	76.1
145	0.065913	124.800000	2.010417	0.004911	74.6
146	0.067353	124.000000	2.021509	0.007959	75.8
147	0.065619	125.000000	2.007663	0.013521	76.7
148	0.066527	126.000000	1.994006	0.018563	73.6
149	0.066233	127.000000	1.980533	0.012366	74.7
150	0.066768	128.000000	1.967240	0.004649	74.3
151	0.066816	129.000000	1.954125	0.004718	73.6
152	0.062181	128.200000	1.964603	0.008929	74.4
153	0.063106	129.200000	1.951523	0.012405	74.9
154	0.066327	130.200000	1.938617	0.016667	76.1
155	0.065560	131.200000	1.925879	0.012291	79.2
156	0.062615	132.200000	1.913308	0.008083	79.1
157	0.066530	133.200000	1.900900	0.012889	78.0
158	0.062259	134.200000	1.888652	0.017928	76.8
159	0.066755	135.200000	1.876561	0.012916	75.1
160	0.060129	136.200000	1.864624	0.005347	77.5
161	0.065351	137.200000	1.852837	0.008280	73.0
162	0.064775	138.200000	1.841199	0.016269	74.2
163	0.063942	139.200000	1.829705	0.012156	79.1
164	0.067322	140.200000	1.818355	0.004729	71.2
165	0.062484	141.200000	1.807144	0.007548	75.4
166	0.063991	142.200000	1.796071	0.012692	76.9
167	0.062589	143.200000	1.785133	0.011857	75.2
168	0.063513	144.200000	1.774327	0.013660	76.2
169	0.062440	145.200000	1.763651	0.012777	73.1
170	0.068756	146.200000	1.753103	0.006565	74.2
171	0.063997	147.200000	1.742680	0.011283	74.4
172	0.064829	148.200000	1.732381	0.020228	77.3
173	0.064778	149.200000	1.722202	0.012449	76.0
174	0.063421	150.200000	1.712143	0.005118	76.3
175	0.067085	149.400000	1.720181	0.004538	75.3
176	0.063757	148.600000	1.728295	0.007334	75.1
177	0.063566	149.600000	1.718164	0.016625	76.9
178	0.065416	150.600000	1.708152	0.012956	74.5
179	0.066361	151.600000	1.698255	0.004118	76.7
180	0.066833	152.600000	1.688472	0.004778	75.6
181	0.064477	151.800000	1.696289	0.006218	74.6
182	0.064893	151.000000	1.704179	0.008318	72.8
183	0.065428	152.000000	1.694328	0.018616	76.8
184	0.066434	153.000000	1.684591	0.013902	74.0
185	0.064948	154.000000	1.674965	0.004836	73.8
186	0.066183	153.200000	1.682657	0.005597	76.1
187	0.063714	152.400000	1.690420	0.006132	75.2
188	0.062576	151.600000	1.698255	0.009093	74.9
189	0.062534	152.600000	1.688472	0.012532	76.0
190	0.060186	153.600000	1.678802	0.019657	73.4
191	0.061369	154.600000	1.669242	0.013207	77.4
192	0.060851	155.600000	1.659789	0.005569	75.9
193	0.061762	154.800000	1.667343	0.007624	73.7
194	0.057592	155.800000	1.657912	0.013981	71.4
195	0.059846	156.800000	1.648587	0.024465	74.2
196	0.061688	157.800000	1.639367	0.013397	74.1
197	0.060560	158.800000	1.630249	0.007798	73.0
198	0.059881	158.000000	1.637535	0.006783	74.0
199	0.064010	159.000000	1.628438	0.009337	76.5
200	0.058732	160.000000	1.619441	0.020462	76.0
201	0.062706	161.000000	1.610543	0.013664	72.9
202	0.061180	162.000000	1.601742	0.007176	76.4
203	0.061030	161.200000	1.608775	0.017942	73.1
204	0.057428	162.200000	1.599994	0.013208	75.6
205	0.060691	163.200000	1.591307	0.005779	76.4
206	0.059545	162.400000	1.598249	0.014861	74.7
207	0.060910	163.400000	1.589581	0.014102	73.5
208	0.059402	164.400000	1.581008	0.012108	74.6
209	0.058090	165.400000	1.572526	0.012404	74.6
210	0.060161	166.400000	1.564135	0.012969	80.4
211	0.060238	167.400000	1.555832	0.012910	77.5
212	0.060318	168.400000	1.547618	0.011062	76.4
213	0.057972	169.400000	1.539490	0.011935	75.8
214	0.058640	170.400000	1.531446	0.016640	81.4
215	0.062550	171.400000	1.523487	0.013868	74.4
216	0.062282	172.400000	1.515609	0.005371	80.8
217	0.060583	173.400000	1.507813	0.011639	78.8
218	0.061526	174.400000	1.500096	0.024367	75.7
219	0.057180	175.400000	1.492458	0.013654	73.7
220	0.060498	176.400000	1.484898	0.009928	76.7
221	0.057166	175.600000	1.490940	0.006759	73.7
222	0.058321	176.600000	1.483395	0.015796	76.1
223	0.057850	177.600000	1.475926	0.013943	76.3
224	0.057092	178.600000	1.468531	0.013839	73.7
225	0.057521	179.600000	1.461210	0.013668	79.3
226	0.057871	180.600000	1.453962	0.011617	73.3
227	0.062177	181.600000	1.446786	0.013299	77.3
228	0.060605	182.600000	1.439680	0.017743	74.5
229	0.059257	183.600000	1.432643	0.013732	79.1
230	0.058943	184.600000	1.425675	0.006595	75.3
231	0.058713	183.800000	1.431244	0.020917	74.7
232	0.057552	184.800000	1.424290	0.014021	76.8
233	0.057935	185.800000	1.417402	0.013768	77.6
234	0.063868	185.000000	1.422907	0.026345	83.3
235	0.058857	186.000000	1.416033	0.013991	73.6
236	0.060069	187.000000	1.409225	0.008720	75.5
237	0.060210	186.200000	1.414666	0.012640	75.4
238	0.057610	185.400000	1.420149	0.026806	73.5
239	0.059905	186.400000	1.413302	0.014436	72.8
240	0.060033	187.400000	1.406520	0.008387	77.6
241	0.056040	186.600000	1.411940	0.010919	72.4
242	0.054469	185.800000	1.417402	0.012146	76.3
243	0.054843	186.800000	1.410581	0.015394	76.4
244	0.054692	187.800000	1.403826	0.013353	75.5
245	0.054578	188.800000	1.397134	0.016775	73.6
246	0.054707	189.800000	1.390507	0.013915	76.4
247	0.055874	190.800000	1.383942	0.006145	75.3
248	0.054061	190.000000	1.389189	0.014532	72.0
249	0.058115	191.000000	1.382636	0.013850	75.5
250	0.053595	192.000000	1.376145	0.010772	76.5
251	0.053443	193.000000	1.369714	0.013870	73.9
252	0.054228	194.000000	1.363343	0.023167	72.4
253	0.052163	195.000000	1.357032	0.012315	75.8
254	0.056871	196.000000	1.350778	0.009800	75.1
255	0.054038	195.200000	1.355776	0.015128	77.0
256	0.055381	196.200000	1.349534	0.011918	76.3
257	0.055696	197.200000	1.343349	0.018061	75.1
258	0.052516	198.200000	1.337221	0.012982	74.0
259	0.054692	199.200000	1.331148	0.010155	76.5
260	0.053515	198.400000	1.336002	0.027787	79.8
261	0.051894	199.400000	1.329940	0.012957	74.4
262	0.057083	200.400000	1.323933	0.007431	70.9
263	0.053537	199.600000	1.328734	0.010413	75.0
264	0.056954	198.800000	1.333571	0.011823	75.3
265	0.052527	199.800000	1.327531	0.021071	75.4
266	0.056303	200.800000	1.321546	0.012573	85.3
267	0.058069	201.800000	1.315614	0.009444	73.4
268	0.056985	201.000000	1.320355	0.022241	76.3
269	0.055733	202.000000	1.314434	0.013063	77.1
270	0.054267	203.000000	1.308566	0.012491	81.4
271	0.052626	202.200000	1.313256	0.020517	76.4
272	0.052516	203.200000	1.307399	0.012969	76.2
273	0.053062	204.200000	1.301593	0.008332	77.9
274	0.056636	203.400000	1.306234	0.009785	74.7
275	0.054487	204.400000	1.300438	0.008906	73.1
276	0.052863	205.400000	1.294694	0.007736	79.6
277	0.053289	206.400000	1.289001	0.008582	73.7
278	0.052763	207.400000	1.283357	0.012170	76.8
279	0.053750	208.400000	1.277763	0.014112	72.9
280	0.053483	209.400000	1.272217	0.010849	74.6
281	0.052960	210.400000	1.266719	0.017103	74.3
282	0.052915	211.400000	1.261269	0.012487	78.9
283	0.053865	212.400000	1.255865	0.005061	72.1
284	0.053130	211.600000	1.260184	0.008372	78.3
285	0.054695	212.600000	1.254789	0.011612	76.7
286	0.054641	213.600000	1.249441	0.025321	77.8
287	0.054034	214.600000	1.244138	0.012261	71.9
288	0.055695	215.600000	1.238879	0.007855	73.0
289	0.053440	214.800000	1.243082	0.010915	75.8
290	0.053653	214.000000	1.247314	0.011460	74.8
291	0.054245	215.000000	1.242029	0.015358	71.6
292	0.055189	216.000000	1.236788	0.012796	72.9
293	0.055794	217.000000	1.231592	0.013218	73.1
294	0.054759	218.000000	1.226439	0.012849	73.4
295	0.054639	219.000000	1.221328	0.012242	73.9
296	0.051121	220.000000	1.216261	0.011767	74.5
297	0.053801	221.000000	1.211235	0.006689	73.8
298	0.054818	222.000000	1.206250	0.010417	73.2
299	0.053445	223.000000	1.201307	0.023022	80.1
300	0.053486	224.000000	1.196403	0.012442	75.2
301	0.052532	225.000000	1.191540	0.009957	74.6
302	0.056808	224.200000	1.195427	0.014936	71.4
303	0.053321	225.200000	1.190572	0.012246	72.5
304	0.052349	226.200000	1.185756	0.009043	71.9
305	0.050833	227.200000	1.180978	0.011172	77.2
306	0.053661	228.200000	1.176239	0.018126	72.4
307	0.052663	229.200000	1.171538	0.013089	73.8
308	0.050721	230.200000	1.166874	0.006922	75.0
309	0.055778	229.400000	1.170602	0.023062	74.2
310	0.053271	230.400000	1.165946	0.012544	75.0
311	0.056258	231.400000	1.161327	0.010663	72.5
312	0.049297	230.600000	1.165019	0.015251	74.7
313	0.047785	231.600000	1.160407	0.011747	73.8
314	0.050005	232.600000	1.155831	0.007410	73.7
315	0.049819	233.600000	1.151292	0.010651	79.8
316	0.048768	234.600000	1.146787	0.018007	75.9
317	0.046159	235.600000	1.142318	0.012035	77.0
318	0.045581	236.600000	1.137884	0.008874	75.8
319	0.047201	235.800000	1.141428	0.024034	74.4
320	0.048049	236.800000	1.137001	0.012295	73.7
321	0.047863	237.800000	1.132607	0.010719	76.4
322	0.049555	237.000000	1.136119	0.015442	77.1
323	0.049003	238.000000	1.131733	0.011286	71.7
324	0.048329	239.000000	1.127380	0.003743	73.3
325	0.048524	238.200000	1.130860	0.004849	72.1
326	0.045912	237.400000	1.134361	0.010176	75.8
327	0.044359	238.400000	1.129988	0.010572	74.1
328	0.047374	239.400000	1.125648	0.012223	73.8
329	0.047696	240.400000	1.121342	0.010247	75.4
330	0.050123	241.400000	1.117069	0.004216	74.2
331	0.049581	240.600000	1.120485	0.004776	78.2
332	0.047074	239.800000	1.123922	0.005477	72.6
333	0.050095	239.000000	1.127380	0.010435	69.9
334	0.050355	240.000000	1.123061	0.009935	72.2
335	0.049327	241.000000	1.118774	0.011079	79.1
336	0.048070	242.000000	1.114520	0.011103	75.3
337	0.049320	243.000000	1.110299	0.011994	73.8
338	0.048103	244.000000	1.106109	0.011352	73.9
339	0.047422	245.000000	1.101950	0.009505	74.3
340	0.047276	246.000000	1.097823	0.010868	74.3
341	0.048485	247.000000	1.093727	0.015958	72.6
342	0.049762	248.000000	1.089661	0.011580	70.9
343	0.046383	249.000000	1.085625	0.010704	73.9
344	0.046676	248.200000	1.088851	0.026306	72.2
345	0.049970	249.200000	1.084822	0.012029	73.0
346	0.046349	250.200000	1.080822	0.008615	77.2
347	0.047324	249.400000	1.084019	0.013968	74.4
348	0.048900	250.400000	1.080025	0.011101	77.2
349	0.043394	251.400000	1.076060	0.011708	76.7
350	0.043937	252.400000	1.072124	0.010404	77.9
351	0.047600	253.400000	1.068217	0.006455	74.7
352	0.046490	254.400000	1.064338	0.011694	72.8
353	0.047519	255.400000	1.060488	0.020721	76.8
354	0.049520	256.400000	1.056665	0.011263	73.3
355	0.047311	257.400000	1.052869	0.008404	76.5
356	0.048335	256.600000	1.055904	0.008250	76.8
357	0.047687	257.600000	1.052113	0.012389	75.3
358	0.048171	258.600000	1.048351	0.022868	71.4
359	0.049488	259.600000	1.044614	0.011244	74.4
360	0.049172	260.600000	1.040905	0.008477	75.0
361	0.048346	259.800000	1.043870	0.008311	80.1
362	0.047781	259.000000	1.046853	0.010752	77.3
363	0.046960	260.000000	1.043127	0.017932	74.6
364	0.045022	261.000000	1.039428	0.011561	75.8
365	0.044944	262.000000	1.035756	0.007641	77.4
366	0.045176	261.200000	1.038692	0.022968	72.8
367	0.050553	262.200000	1.035024	0.012229	77.2
368	0.047650	263.200000	1.031382	0.011778	77.2
369	0.048326	262.400000	1.034294	0.016506	74.3
370	0.046628	263.400000	1.030657	0.012012	73.8
371	0.050341	264.400000	1.027046	0.004016	76.1
372	0.051258	263.600000	1.029933	0.005123	73.5
373	0.046326	262.800000	1.032836	0.010578	72.7
374	0.046245	263.800000	1.029209	0.023705	73.0
375	0.045918	264.800000	1.025608	0.011706	74.0
376	0.047453	265.800000	1.022032	0.008585	77.3
377	0.045580	265.000000	1.024891	0.007163	73.4
378	0.046247	264.200000	1.027766	0.011597	72.3
379	0.047056	265.200000	1.024175	0.018150	81.4
380	0.050287	266.200000	1.020609	0.011152	71.9
381	0.046674	267.200000	1.017067	0.006661	72.8
382	0.050327	266.400000	1.019898	0.009092	72.7
383	0.047683	267.400000	1.016362	0.009743	74.9
384	0.047666	268.400000	1.012850	0.016884	72.9
385	0.045039	269.400000	1.009362	0.011208	70.9
386	0.045873	270.400000	1.005898	0.006354	72.6
387	0.050225	269.600000	1.008668	0.015807	76.1
388	0.046689	270.600000	1.005209	0.011443	73.2
389	0.045381	271.600000	1.001773	0.006656	75.6
390	0.051377	270.800000	1.004520	0.014328	72.8
391	0.046884	271.800000	1.001089	0.012006	75.4
392	0.049247	272.800000	0.997681	0.005850	77.2
393	0.046314	273.800000	0.994297	0.010906	74.8
394	0.047912	274.800000	0.990936	0.016356	75.7
395	0.047177	275.800000	0.987597	0.010669	72.3
396	0.047756	276.800000	0.984281	0.008435	73.7
397	0.047680	277.800000	0.980987	0.010673	74.0
398	0.042093	278.800000	0.977715	0.016075	72.7
399	0.040219	279.800000	0.974464	0.011043	73.9
400	0.040806	280.800000	0.971235	0.006625	72.0
401	0.038136	280.000000	0.973817	0.015572	71.1
402	0.043343	281.000000	0.970592	0.011711	74.4
403	0.044379	282.000000	0.967389	0.005867	71.9
404	0.043467	281.200000	0.969950	0.010554	75.6
405	0.037589	280.400000	0.972524	0.011090	72.1
406	0.042986	281.400000	0.969308	0.013735	72.6
407	0.039706	282.400000	0.966113	0.011256	75.3
408	0.044103	283.400000	0.962940	0.006070	72.1
409	0.043046	282.600000	0.965477	0.011798	110.1
410	0.041223	281.800000	0.968028	0.011371	65.2
411	0.044577	282.800000	0.964841	0.009663	76.0
412	0.040446	283.800000	0.961676	0.010586	72.8
413	0.041380	284.800000	0.958531	0.011036	67.7
414	0.042344	285.800000	0.955407	0.010595	74.0
415	0.040686	286.800000	0.952303	0.006941	72.3
416	0.040613	287.800000	0.949219	0.012285	71.5
417	0.040376	288.800000	0.946155	0.017386	76.3
418	0.039954	289.800000	0.943111	0.011154	74.3
419	0.041079	290.800000	0.940086	0.009246	76.2
420	0.039561	291.800000	0.937081	0.010687	72.2
421	0.038605	292.800000	0.934094	0.015091	72.8
422	0.040259	293.800000	0.931127	0.012073	70.7
423	0.040437	294.800000	0.928179	0.005725	73.2
424	0.043782	294.000000	0.930536	0.005534	75.2
425	0.041026	293.200000	0.932905	0.012308	68.6
426	0.043068	294.200000	0.929945	0.011514	74.0
427	0.042454	295.200000	0.927004	0.008769	74.8
428	0.039668	296.200000	0.924082	0.010368	72.7
429	0.041626	297.200000	0.921178	0.012746	74.8
430	0.041984	298.200000	0.918292	0.011593	75.5
431	0.041389	299.200000	0.915424	0.012791	70.7
432	0.041138	300.200000	0.912574	0.011284	75.7
433	0.044547	301.200000	0.909742	0.005110	71.9
434	0.039815	300.400000	0.912006	0.005248	83.0
435	0.040107	299.600000	0.914282	0.007410	74.3
436	0.042452	298.800000	0.916569	0.013228	72.8
437	0.041438	299.800000	0.913712	0.014250	73.1
438	0.040035	300.800000	0.910873	0.011390	77.6
439	0.039041	301.800000	0.908051	0.011866	75.2
440	0.039477	302.800000	0.905246	0.010936	74.7
441	0.041396	303.800000	0.902459	0.006274	73.7
442	0.041407	304.800000	0.899689	0.009991	76.4
443	0.040419	305.800000	0.896936	0.023170	75.0
444	0.039820	306.800000	0.894200	0.011586	75.3
445	0.037968	307.800000	0.891481	0.006583	75.7
446	0.036736	307.000000	0.893655	0.007453	74.6
447	0.040128	306.200000	0.895840	0.010325	75.8
448	0.039211	305.400000	0.898036	0.026077	77.0
449	0.040804	306.400000	0.895293	0.011452	74.2
450	0.037419	307.400000	0.892566	0.006369	79.6
451	0.043640	306.600000	0.894746	0.007017	76.6
452	0.039862	305.800000	0.896936	0.010491	74.3
453	0.039230	305.000000	0.899137	0.026874	76.2
454	0.038522	306.000000	0.896388	0.011367	74.5
455	0.041876	307.000000	0.893655	0.007152	71.5
456	0.041307	306.200000	0.895840	0.008959	74.6
457	0.040534	305.400000	0.898036	0.009869	73.4
458	0.041603	306.400000	0.895293	0.014365	74.7
459	0.040377	307.400000	0.892566	0.011718	78.2
460	0.042492	308.400000	0.889857	0.005143	75.8
461	0.039116	307.600000	0.892023	0.011786	71.1
462	0.039777	306.800000	0.894200	0.011687	71.6
463	0.039029	307.800000	0.891481	0.014674	70.4
464	0.040058	308.800000	0.888777	0.012096	75.0
465	0.040091	309.800000	0.886091	0.008514	73.0
466	0.039425	309.000000	0.888239	0.026889	76.9
467	0.041245	310.000000	0.885555	0.011582	73.0
468	0.041209	311.000000	0.882888	0.007847	71.1
469	0.039991	310.200000	0.885021	0.009111	74.6
470	0.037544	309.400000	0.887163	0.010207	71.3
471	0.039442	310.400000	0.884486	0.013564	78.0
472	0.038091	311.400000	0.881826	0.011555	74.7
473	0.039094	312.400000	0.879181	0.010481	74.5
474	0.041185	313.400000	0.876551	0.013796	75.9
475	0.038392	314.400000	0.873938	0.009911	78.9
476	0.038899	315.400000	0.871340	0.010910	76.3
477	0.038918	316.400000	0.868758	0.015500	77.2
478	0.039232	317.400000	0.866190	0.011813	76.6
479	0.041867	318.400000	0.863638	0.011859	74.7
480	0.040503	319.400000	0.861101	0.011657	76.8
481	0.039081	320.400000	0.858579	0.014982	76.0
482	0.040349	321.400000	0.856071	0.012051	78.5
483	0.039935	322.400000	0.853578	0.008996	75.4
484	0.040926	321.600000	0.855572	0.027061	76.1
485	0.040185	322.600000	0.853082	0.011467	74.1
486	0.039737	323.600000	0.850606	0.008108	77.8
487	0.040039	322.800000	0.852585	0.008508	75.2
488	0.039480	322.000000	0.854574	0.009170	72.5
489	0.040268	321.200000	0.856572	0.015174	76.6
490	0.040479	322.200000	0.854076	0.011546	72.9
491	0.039320	323.200000	0.851594	0.007584	76.8
492	0.040114	322.400000	0.853578	0.027555	73.3
493	0.037809	323.400000	0.851100	0.011461	75.2
494	0.039030	324.400000	0.848636	0.007847	73.4
495	0.038785	323.600000	0.850606	0.007487	73.0
496	0.037039	322.800000	0.852585	0.008287	72.8
497	0.039290	322.000000	0.854574	0.014708	74.3
498	0.037577	323.000000	0.852090	0.012239	76.5
499	0.039364	324.000000	0.849620	0.005151	72.9
500	0.038528	323.200000	0.851594	0.010628	71.0
501	0.039079	322.400000	0.853578	0.022685	74.6
502	0.037715	323.400000	0.851100	0.011269	74.3
503	0.040828	324.400000	0.848636	0.009208	75.3
504	0.037704	325.400000	0.846186	0.010821	73.4
505	0.038720	326.400000	0.843750	0.013850	72.2
506	0.040737	327.400000	0.841328	0.011681	72.6
507	0.035257	328.400000	0.838920	0.013717	73.2
508	0.039044	329.400000	0.836526	0.010840	72.3
509	0.036017	330.400000	0.834146	0.008687	73.9
510	0.036475	329.600000	0.836049	0.026789	73.6
511	0.039158	330.600000	0.833671	0.011227	73.6
512	0.037219	331.600000	0.831307	0.007559	70.6
513	0.041849	330.800000	0.833197	0.008796	73.4
514	0.037918	330.000000	0.835096	0.010462	76.0
515	0.039308	331.000000	0.832724	0.014221	71.0
516	0.039606	332.000000	0.830365	0.011593	77.6
517	0.038739	333.000000	0.828019	0.008718	71.6
518	0.037388	334.000000	0.825687	0.011564	80.9
519	0.041173	335.000000	0.823367	0.013714	72.0
520	0.039528	336.000000	0.821061	0.011622	74.4
521	0.039716	337.000000	0.818768	0.016358	75.8
522	0.039891	338.000000	0.816487	0.011930	77.0
523	0.037788	339.000000	0.814219	0.010858	71.5
524	0.037100	338.200000	0.816032	0.026273	76.1
525	0.037443	339.200000	0.813767	0.011576	72.4
526	0.037949	340.200000	0.811514	0.006839	74.6
527	0.041703	339.400000	0.813315	0.008599	75.1
528	0.037236	338.600000	0.815125	0.010694	75.4
529	0.039688	339.600000	0.812864	0.016275	78.9
530	0.038094	340.600000	0.810616	0.011875	74.8
531	0.042707	341.600000	0.808381	0.007794	72.9
532	0.038557	340.800000	0.810168	0.026269	73.0
533	0.036688	341.800000	0.807935	0.012316	75.3
534	0.040299	342.800000	0.805714	0.008136	76.7
535	0.040339	342.000000	0.807490	0.008641	71.9
536	0.037491	341.200000	0.809273	0.010213	73.8
537	0.038169	342.200000	0.807045	0.026800	76.0
538	0.038186	343.200000	0.804829	0.011283	71.9
539	0.040920	344.200000	0.802625	0.007969	75.8
540	0.038198	343.400000	0.804388	0.008494	74.2
541	0.036568	342.600000	0.806157	0.010057	73.2
542	0.038892	343.600000	0.803946	0.012572	74.2
543	0.041071	344.600000	0.801747	0.013372	71.7
544	0.036754	345.600000	0.799560	0.009778	79.7
545	0.039051	346.600000	0.797385	0.010922	74.9
546	0.039509	347.600000	0.795222	0.023580	75.9
547	0.038560	348.600000	0.793070	0.011746	77.2
548	0.039041	349.600000	0.790930	0.007673	110.8
549	0.038480	348.800000	0.792641	0.009611	70.6
550	0.037358	348.000000	0.794360	0.011543	83.2
551	0.035066	349.000000	0.792213	0.026029	73.1
552	0.040159	350.000000	0.790078	0.012504	72.3
553	0.039300	351.000000	0.787954	0.007243	76.6
554	0.041175	350.200000	0.789652	0.007254	72.9
555	0.038438	349.400000	0.791357	0.009957	77.9
556	0.041506	348.600000	0.793070	0.020140	72.3
557	0.039476	349.600000	0.790930	0.011587	74.4
558	0.038726	350.600000	0.788802	0.006764	73.4
559	0.037148	349.800000	0.790504	0.008689	76.6
560	0.039248	349.000000	0.792213	0.011099	70.6
561	0.039708	350.000000	0.790078	0.026069	74.3
562	0.039626	351.000000	0.787954	0.012158	74.2
563	0.039066	352.000000	0.785841	0.006904	73.5
564	0.037595	351.200000	0.787530	0.007346	72.7
565	0.037720	350.400000	0.789227	0.008582	74.2
566	0.039544	349.600000	0.790930	0.013638	73.4
567	0.040556	350.600000	0.788802	0.012055	88.9
568	0.038252	351.600000	0.786685	0.012665	72.1
569	0.036336	352.600000	0.784579	0.011635	75.2
570	0.037665	353.600000	0.782485	0.007323	75.3
571	0.038608	352.800001	0.784159	0.017095	76.5
572	0.036353	353.800001	0.782067	0.013347	73.8
573	0.037168	354.800001	0.779986	0.009102	74.7
574	0.038208	355.800001	0.777916	0.013725	74.1
575	0.037583	356.800001	0.775857	0.013624	78.0
576	0.037416	357.800001	0.773809	0.006727	72.7
577	0.038765	358.800001	0.771772	0.010200	75.9
578	0.037618	358.000001	0.773401	0.012615	71.6
579	0.037824	359.000001	0.771365	0.009712	73.4
580	0.035043	360.000001	0.769341	0.009976	73.6
581	0.039474	361.000001	0.767327	0.013181	73.7
582	0.040375	362.000001	0.765323	0.011533	74.6
583	0.036006	363.000001	0.763330	0.013412	73.8
584	0.037301	364.000001	0.761348	0.011160	72.9
585	0.037482	365.000001	0.759375	0.006203	76.3
586	0.037146	366.000001	0.757413	0.010179	73.2
587	0.041679	367.000001	0.755461	0.023156	75.5
588	0.037151	368.000001	0.753519	0.011194	75.3
589	0.037147	369.000001	0.751587	0.005946	75.0
590	0.037896	368.200001	0.753132	0.007861	77.1
591	0.037942	367.400001	0.754683	0.010270	76.0
592	0.036418	366.600001	0.756240	0.022545	75.6
593	0.036760	367.600001	0.754294	0.011602	70.6
594	0.038180	368.600001	0.752358	0.007191	73.7
595	0.037699	367.800001	0.753906	0.009292	71.7
596	0.035716	367.000001	0.755461	0.010806	75.5
597	0.037685	368.000001	0.753519	0.021928	78.1
598	0.037586	369.000001	0.751587	0.011012	71.7
599	0.036182	370.000001	0.749664	0.006666	75.4
600	0.037142	369.200001	0.751201	0.006849	71.4
601	0.039347	368.400001	0.752745	0.011603	74.9
602	0.035718	367.600001	0.754294	0.024737	76.3
603	0.037382	368.600001	0.752358	0.011259	73.3
604	0.036596	369.600001	0.750432	0.006650	77.4
605	0.037207	368.800001	0.751972	0.006927	72.7
606	0.038005	368.000001	0.753519	0.010913	76.4
607	0.034928	367.200001	0.755072	0.017433	79.4
608	0.038100	368.200001	0.753132	0.008748	75.1
609	0.037051	369.200001	0.751201	0.009097	77.5
610	0.037481	370.200001	0.749281	0.012958	78.1
611	0.035708	371.200001	0.747371	0.013541	77.5
612	0.035600	372.200001	0.745470	0.008596	77.3
613	0.035565	373.200001	0.743579	0.010066	75.2
614	0.037818	374.200001	0.741697	0.018978	76.4
615	0.036006	375.200001	0.739825	0.011233	74.0
616	0.036915	376.200001	0.737963	0.006972	70.6
617	0.036616	375.400001	0.739452	0.009479	77.0
618	0.037960	374.600001	0.740947	0.014753	77.1
619	0.035993	375.600001	0.739079	0.012045	74.8
620	0.037190	376.600001	0.737220	0.012351	72.5
621	0.037906	377.600001	0.735371	0.022431	76.2
622	0.036207	378.600001	0.733531	0.012013	73.5
623	0.037806	379.600001	0.731699	0.006787	73.5
624	0.036598	378.800001	0.733164	0.007987	70.4
625	0.036303	378.000001	0.734634	0.009884	74.0
626	0.039199	377.200001	0.736110	0.026204	78.3
627	0.037385	378.200001	0.734266	0.011476	75.7
628	0.036259	379.200001	0.732431	0.007516	75.3
629	0.036144	378.400001	0.733898	0.008790	74.8
630	0.036181	377.600001	0.735371	0.010305	75.0
631	0.038594	378.600001	0.733531	0.012650	74.8
632	0.036400	379.600001	0.731699	0.013739	74.1
633	0.034360	380.600001	0.729878	0.009453	74.3
634	0.035649	381.600001	0.728065	0.010221	73.3
635	0.037477	382.600001	0.726261	0.022779	75.9
636	0.038088	383.600001	0.724466	0.011908	74.7
637	0.031918	384.600001	0.722680	0.006080	76.3
638	0.036822	383.800001	0.724108	0.006966	75.4
639	0.034969	383.000001	0.725542	0.010170	73.7
640	0.037542	382.200001	0.726981	0.026686	77.2
641	0.039095	383.200001	0.725183	0.012200	74.2
642	0.037182	384.200001	0.723393	0.006116	78.1
643	0.038480	383.400001	0.724824	0.006615	76.7
644	0.039417	382.600001	0.726261	0.007423	76.6
645	0.037013	381.800001	0.727703	0.012273	71.6
646	0.036050	382.800001	0.725901	0.011608	74.2
647	0.038386	383.800001	0.724108	0.009190	75.0
648	0.036760	384.800001	0.722323	0.017739	71.7
649	0.035961	385.800001	0.720548	0.010693	74.1
650	0.035143	386.800001	0.718781	0.008982	78.5
651	0.037833	387.800001	0.717023	0.012992	75.6
652	0.037990	388.800001	0.715273	0.015115	74.9
653	0.039833	389.800001	0.713532	0.009531	73.2
654	0.036611	390.800001	0.711799	0.010021	72.2
655	0.037612	391.800001	0.710075	0.020412	76.2
656	0.037243	392.800001	0.708359	0.012139	77.9
657	0.034580	393.800001	0.706651	0.007161	74.1
658	0.040448	393.000001	0.708016	0.008498	74.8
659	0.037749	392.200001	0.709387	0.012310	75.7
660	0.035398	393.200001	0.707675	0.012656	74.5
661	0.034264	394.200001	0.705970	0.013770	79.0
662	0.035615	395.200001	0.704274	0.011454	73.1
663	0.037010	396.200001	0.702586	0.007657	75.4
664	0.037449	395.400001	0.703936	0.025971	76.0
665	0.036443	396.400001	0.702249	0.011762	72.0
666	0.035790	397.400001	0.700571	0.008927	76.8
667	0.039229	396.600001	0.701913	0.009747	77.0
668	0.038407	395.800001	0.703260	0.011084	72.7
669	0.037278	396.800001	0.701577	0.012464	76.2
670	0.038178	397.800001	0.699902	0.012118	77.2
671	0.038561	398.800001	0.698234	0.012201	73.3
672	0.034355	399.800001	0.696575	0.011980	76.3
673	0.033440	400.800001	0.694924	0.012811	70.8
674	0.037448	401.800001	0.693280	0.013357	73.7
675	0.037215	402.800001	0.691644	0.010390	71.6
676	0.036304	403.800001	0.690016	0.011351	74.4
677	0.037736	404.800001	0.688396	0.012242	76.1
678	0.037074	405.800001	0.686783	0.011402	76.5
679	0.035540	406.800001	0.685177	0.012790	72.0
680	0.036916	407.800001	0.683579	0.011536	73.8
681	0.032083	408.800001	0.681989	0.009558	75.1
682	0.035947	409.800001	0.680406	0.014305	79.4
683	0.035494	410.800001	0.678830	0.011273	77.3
684	0.037977	411.800001	0.677262	0.011518	74.9
685	0.037278	412.800001	0.675700	0.024028	75.2
686	0.037041	413.800001	0.674146	0.010621	73.0
687	0.033167	414.800001	0.672599	0.007078	76.0
688	0.036823	414.000001	0.673836	0.007469	70.8
689	0.033411	413.200001	0.675078	0.009837	77.7
690	0.034535	412.400001	0.676324	0.011897	75.9
691	0.036606	413.400001	0.674767	0.015384	76.4
692	0.035998	414.400001	0.673217	0.011332	72.5
693	0.036784	415.400001	0.671675	0.011213	76.6
694	0.028441	416.400001	0.670139	0.010517	76.2
695	0.029214	417.400001	0.668610	0.008841	79.9
696	0.027897	418.400001	0.667089	0.010766	77.5
697	0.029754	419.400001	0.665574	0.011973	74.4
698	0.030322	420.400001	0.664066	0.010008	73.5
699	0.027452	421.400001	0.662565	0.009048	75.9
700	0.030343	422.400001	0.661071	0.010839	72.3
701	0.028512	423.400001	0.659583	0.011463	71.7
702	0.032049	424.400001	0.658102	0.010069	75.0
703	0.030714	425.400001	0.656628	0.008275	76.5
704	0.027580	426.400001	0.655161	0.014960	74.9
705	0.028124	427.400001	0.653699	0.010471	71.0
706	0.030176	428.400001	0.652245	0.008740	76.3
707	0.030457	427.600001	0.653408	0.022267	76.0
708	0.028760	428.600001	0.651955	0.010740	72.1
709	0.030151	429.600001	0.650508	0.006059	76.5
710	0.031638	428.800001	0.651665	0.006108	72.3
711	0.028685	428.000001	0.652826	0.008660	75.7
712	0.031763	427.200001	0.653991	0.012145	74.9
713	0.029756	428.200001	0.652535	0.009984	76.0
714	0.029732	429.200001	0.651086	0.009802	72.9
715	0.026018	430.200001	0.649643	0.014264	74.3
716	0.028274	431.200001	0.648206	0.011471	72.1
717	0.029459	432.200001	0.646776	0.009264	70.9
718	0.028706	433.200001	0.645352	0.010861	72.6
719	0.025923	434.200001	0.643934	0.010035	72.2
720	0.028998	435.200001	0.642523	0.009323	70.6
721	0.028077	436.200001	0.641117	0.009988	71.8
722	0.027399	437.200001	0.639718	0.012089	79.6
723	0.029378	438.200001	0.638325	0.010677	75.8
724	0.029100	439.200001	0.636938	0.006300	72.7
725	0.027355	438.400001	0.638047	0.014691	75.5
726	0.029659	439.400001	0.636661	0.006247	75.6
727	0.027409	440.400001	0.635281	0.006340	75.1
728	0.027470	439.600001	0.636385	0.008841	75.7
729	0.029353	438.800001	0.637492	0.025374	76.2
730	0.030366	439.800001	0.636109	0.010314	77.0
731	0.030452	440.800001	0.634731	0.007422	78.3
732	0.028927	440.000001	0.635833	0.006726	74.3
733	0.027596	439.200001	0.636938	0.007962	76.4
734	0.029993	438.400001	0.638047	0.010780	75.8
735	0.028233	439.400001	0.636661	0.010519	83.8
736	0.027215	440.400001	0.635281	0.011791	74.5
737	0.028969	441.400001	0.633907	0.010852	77.3
738	0.029674	442.400001	0.632540	0.010928	76.5
739	0.028296	443.400001	0.631177	0.010875	74.4
740	0.026652	444.400001	0.629821	0.011423	76.6
741	0.028769	445.400001	0.628471	0.011454	78.6
742	0.029357	446.400001	0.627126	0.011441	78.7
743	0.028874	447.400001	0.625787	0.011460	73.1
744	0.029045	448.400001	0.624454	0.011967	73.0
745	0.030541	449.400001	0.623127	0.014349	79.0
746	0.027733	450.400001	0.621805	0.007948	71.5
747	0.026888	451.400001	0.620489	0.009786	71.5
748	0.028701	450.600001	0.621541	0.019735	75.1
749	0.026213	451.600001	0.620226	0.010380	75.1
750	0.027215	452.600001	0.618916	0.006311	77.5
751	0.028421	451.800001	0.619964	0.006461	74.0
752	0.030221	451.000001	0.621014	0.009037	72.9
753	0.028294	450.200001	0.622069	0.025003	74.2
754	0.028511	451.200001	0.620751	0.011330	72.2
755	0.030402	452.200001	0.619440	0.006513	76.1
756	0.029497	451.400001	0.620489	0.006807	74.3
757	0.029392	450.600001	0.621541	0.007831	76.9
758	0.029045	449.800001	0.622597	0.011453	76.0
759	0.028195	450.800001	0.621278	0.010460	75.5
760	0.028612	451.800001	0.619964	0.012354	74.3
761	0.030447	452.800001	0.618655	0.010387	72.7
762	0.026583	453.800001	0.617352	0.005414	73.9
763	0.026397	453.000001	0.618394	0.013650	76.2
764	0.025251	454.000001	0.617092	0.010918	75.3
765	0.027543	455.000001	0.615796	0.010674	75.5
766	0.027243	456.000001	0.614505	0.011090	72.6
767	0.028204	457.000001	0.613219	0.011051	75.5
768	0.028340	458.000001	0.611939	0.010329	74.8
769	0.028861	459.000001	0.610664	0.010462	76.4
770	0.028470	460.000001	0.609395	0.010483	74.0
771	0.029462	461.000001	0.608130	0.012924	76.5
772	0.027484	462.000001	0.606871	0.011481	73.1
773	0.029928	463.000001	0.605617	0.010472	79.2
774	0.026228	464.000001	0.604369	0.012588	71.3
775	0.026797	465.000001	0.603125	0.010087	72.7
776	0.029696	466.000001	0.601887	0.007348	73.6
777	0.025228	465.200001	0.602877	0.025319	78.4
778	0.028581	466.200001	0.601640	0.010136	74.7
779	0.026895	467.200001	0.600407	0.007067	75.6
780	0.027684	466.400001	0.601393	0.006127	75.5
781	0.024959	465.600001	0.602381	0.007751	77.1
782	0.023650	464.800001	0.603373	0.011946	75.4
783	0.030448	465.800001	0.602134	0.010740	73.1
784	0.028252	466.800001	0.600900	0.012059	74.2
785	0.027285	467.800001	0.599670	0.013694	70.9
786	0.028876	468.800001	0.598446	0.006225	74.7
787	0.029378	469.800001	0.597227	0.009058	74.2
788	0.028706	469.000001	0.598202	0.024742	76.7
789	0.029367	470.000001	0.596983	0.010868	75.2
790	0.029000	471.000001	0.595770	0.007080	70.6
791	0.028264	470.200001	0.596740	0.007354	76.2
792	0.027339	469.400001	0.597714	0.008558	74.2
793	0.028689	468.600001	0.598690	0.011855	84.5
794	0.026446	469.600001	0.597470	0.010522	74.4
795	0.024996	470.600001	0.596255	0.011505	76.0
796	0.030204	471.600001	0.595044	0.010843	73.9
797	0.029375	472.600001	0.593839	0.008912	75.4
798	0.027388	473.600001	0.592638	0.017027	74.2
799	0.025353	474.600001	0.591442	0.011852	75.6
800	0.030167	475.600001	0.590251	0.009315	75.1
801	0.029144	476.600001	0.589065	0.010463	73.5
802	0.027309	477.600001	0.587884	0.011506	73.5
803	0.027677	478.600001	0.586707	0.011456	74.2
804	0.027517	479.600001	0.585535	0.010408	74.8
805	0.029030	480.600001	0.584368	0.009835	75.7
806	0.024642	481.600001	0.583205	0.010326	73.5
807	0.025737	482.600001	0.582047	0.011326	73.7
808	0.028337	483.600001	0.580893	0.009997	79.4
809	0.026748	484.600001	0.579744	0.009603	75.7
810	0.028074	485.600001	0.578600	0.010667	72.9
811	0.027478	486.600001	0.577460	0.010853	74.8
812	0.027387	487.600001	0.576325	0.008934	75.2
813	0.025860	488.600001	0.575194	0.006356	73.4
814	0.026088	489.600001	0.574067	0.012399	77.7
815	0.029177	490.600001	0.572945	0.017652	76.8
816	0.025277	491.600001	0.571828	0.008691	74.8
817	0.026070	492.600001	0.570714	0.008580	72.2
818	0.023781	491.800001	0.571605	0.006347	73.9
819	0.029062	491.000001	0.572498	0.012086	74.1
820	0.025988	492.000001	0.571382	0.008415	72.6
821	0.024907	493.000001	0.570270	0.006568	75.9
822	0.026689	492.200001	0.571159	0.014197	73.8
823	0.023473	493.200001	0.570048	0.008867	75.1
824	0.024157	494.200001	0.568942	0.009414	76.6
825	0.025332	493.400001	0.569827	0.018064	72.8
826	0.024196	494.400001	0.568721	0.007703	76.2
827	0.023801	495.400001	0.567620	0.009925	77.3
828	0.021432	494.600001	0.568500	0.012258	73.4
829	0.024791	495.600001	0.567400	0.008009	75.4
830	0.025138	496.600001	0.566304	0.006149	70.1
831	0.021262	495.800001	0.567180	0.010351	73.8
832	0.023570	496.800001	0.566085	0.008893	76.0
833	0.025889	497.800001	0.564994	0.005523	75.3
834	0.023855	498.800001	0.563907	0.007606	76.2
835	0.024842	499.800001	0.562824	0.011996	73.3
836	0.023882	500.800001	0.561746	0.007981	69.6
837	0.026092	501.800001	0.560671	0.004254	72.4
838	0.025839	501.000001	0.561530	0.007729	77.5
839	0.027988	502.000001	0.560457	0.011677	75.9
840	0.022854	503.000001	0.559387	0.012959	76.6
841	0.022493	504.000001	0.558322	0.010365	73.8
842	0.023977	505.000001	0.557260	0.010669	76.8
843	0.026450	506.000001	0.556203	0.010042	75.9
844	0.023142	507.000001	0.555149	0.008397	76.5
845	0.025565	508.000001	0.554100	0.011172	77.0
846	0.024028	509.000001	0.553054	0.011990	72.9
847	0.024577	510.000001	0.552013	0.010040	74.9
848	0.023830	511.000001	0.550975	0.009957	74.9
849	0.026268	512.000001	0.549941	0.011022	72.5
850	0.026291	513.000001	0.548912	0.011851	77.4
851	0.022638	514.000001	0.547886	0.011658	71.7
852	0.022519	515.000001	0.546863	0.011534	74.8
853	0.025531	516.000001	0.545845	0.010179	72.9
854	0.023771	517.000001	0.544831	0.009102	72.7
855	0.024495	518.000001	0.543820	0.010818	74.1
856	0.024058	519.000001	0.542813	0.012099	72.7
857	0.024857	520.000001	0.541809	0.009797	68.5
858	0.026484	521.000001	0.540810	0.007973	74.5
859	0.026471	522.000001	0.539814	0.007815	69.8
860	0.024139	523.000001	0.538821	0.008115	77.2
861	0.026546	524.000001	0.537833	0.010928	73.9
862	0.025863	525.000001	0.536848	0.011179	73.0
863	0.026073	526.000001	0.535866	0.009307	63.2
864	0.024863	527.000001	0.534888	0.009507	68.2
865	0.024949	528.000001	0.533914	0.008659	71.4
866	0.024117	529.000001	0.532943	0.006764	72.9
867	0.024410	530.000001	0.531976	0.005963	70.2
868	0.022098	531.000001	0.531012	0.006173	75.7
869	0.028374	532.000001	0.530052	0.006319	71.4
870	0.024241	533.000001	0.529095	0.004953	72.1
871	0.024065	532.200001	0.529860	0.004305	71.4
872	0.025966	531.400001	0.530628	0.006399	74.4
873	0.025075	530.600001	0.531397	0.008125	73.0
874	0.025827	531.600001	0.530436	0.007955	76.5
875	0.022544	532.600001	0.529478	0.008313	73.6
876	0.023122	533.600001	0.528523	0.010047	77.3
877	0.023090	534.600001	0.527572	0.011061	72.5
878	0.024669	535.600001	0.526624	0.011581	73.8
879	0.025557	536.600001	0.525679	0.009862	77.0
880	0.024560	537.600001	0.524738	0.008862	77.1
881	0.022974	538.600001	0.523801	0.008647	73.7
882	0.025468	539.600001	0.522866	0.008114	73.9
883	0.026980	540.600001	0.521935	0.008604	71.2
884	0.023389	541.600001	0.521007	0.007478	74.3
885	0.024750	542.600001	0.520083	0.006435	81.8
886	0.025085	543.600001	0.519162	0.004978	72.5
887	0.023922	544.600001	0.518244	0.004585	72.0
888	0.023787	543.800001	0.518978	0.004656	74.5
889	0.024372	543.000001	0.519714	0.004531	77.3
890	0.024598	542.200001	0.520452	0.006492	75.9
891	0.021671	541.400001	0.521193	0.008695	72.2
892	0.023441	542.400001	0.520268	0.009603	76.0
893	0.021647	543.400001	0.519346	0.008237	72.2
894	0.022400	544.400001	0.518427	0.008438	71.7
895	0.025514	545.400001	0.517512	0.008309	73.4
896	0.023336	546.400001	0.516600	0.007963	74.1
897	0.024180	547.400001	0.515691	0.008729	75.5
898	0.026055	548.400001	0.514785	0.008705	72.3
899	0.027034	549.400001	0.513883	0.008581	81.1
900	0.025425	550.400001	0.512984	0.007559	72.5
901	0.021030	551.400001	0.512087	0.006119	77.5
902	0.024742	552.400001	0.511194	0.005157	70.4
903	0.029483	551.600001	0.511909	0.004768	76.6
904	0.027140	550.800001	0.512625	0.005454	72.9
905	0.025486	550.000001	0.513343	0.006540	76.3
906	0.025290	551.000001	0.512445	0.008319	69.2
907	0.024596	552.000001	0.511551	0.008782	73.0
908	0.024288	553.000001	0.510660	0.008667	71.3
909	0.026736	554.000001	0.509772	0.008973	72.1
910	0.023899	555.000001	0.508887	0.008794	72.7
911	0.022335	556.000001	0.508005	0.008114	74.6
912	0.024299	557.000001	0.507126	0.008095	73.1
913	0.028568	558.000001	0.506250	0.008264	79.5
914	0.025734	559.000001	0.505377	0.007944	73.5
915	0.023248	560.000001	0.504507	0.007687	78.0
916	0.029173	561.000001	0.503641	0.007611	80.7
917	0.023398	562.000001	0.502777	0.007919	71.8
918	0.023800	563.000001	0.501916	0.008026	72.8
919	0.023890	564.000001	0.501058	0.007330	74.1
920	0.023665	565.000001	0.500203	0.006919	80.4
921	0.023653	566.000001	0.499351	0.006090	77.9
922	0.021089	567.000001	0.498501	0.006423	74.4
923	0.025008	568.000001	0.497655	0.007960	79.9
924	0.028260	569.000001	0.496812	0.007789	73.0
925	0.023699	570.000001	0.495971	0.006168	72.6
926	0.024196	571.000001	0.495133	0.006316	77.7
927	0.024585	572.000001	0.494298	0.008467	71.6
928	0.024665	573.000001	0.493466	0.008608	74.3
929	0.025960	574.000001	0.492637	0.008544	75.5
930	0.024175	575.000001	0.491810	0.008877	79.0
931	0.025757	576.000001	0.490986	0.008395	75.5
932	0.025419	577.000001	0.490165	0.007547	73.3
933	0.025170	578.000001	0.489347	0.008151	71.6
934	0.026465	579.000001	0.488531	0.007894	72.2
935	0.025400	580.000001	0.487718	0.005753	75.9
936	0.023268	581.000001	0.486908	0.004259	72.7
937	0.024796	580.200001	0.487556	0.004145	72.2
938	0.024885	579.400001	0.488206	0.005749	70.9
939	0.022237	578.600001	0.488857	0.006013	80.8
940	0.025124	579.600001	0.488043	0.005937	76.2
941	0.022487	580.600001	0.487232	0.006379	77.0
942	0.024769	581.600001	0.486424	0.004801	73.5
943	0.021728	580.800001	0.487070	0.003932	74.0
944	0.023219	580.000001	0.487718	0.004939	75.4
945	0.027096	579.200001	0.488369	0.005834	75.7
946	0.026742	578.400001	0.489020	0.006613	74.1
947	0.023569	579.400001	0.488206	0.004704	78.0
948	0.021045	578.600001	0.488857	0.003968	73.7
949	0.024179	577.800001	0.489510	0.005348	71.9
950	0.025429	577.000001	0.490165	0.004440	75.0
951	0.023046	576.200001	0.490822	0.003937	76.5
952	0.024946	575.400001	0.491480	0.004375	75.1
953	0.023961	574.600001	0.492140	0.005781	77.0
954	0.025132	573.800001	0.492802	0.006493	76.8
955	0.023036	574.800001	0.491975	0.006031	76.1
956	0.022692	575.800001	0.491151	0.005803	73.2
957	0.023119	576.800001	0.490329	0.005284	74.9
958	0.022330	576.000001	0.490986	0.004753	75.0
959	0.027134	575.200001	0.491645	0.003955	78.4
960	0.023290	574.400001	0.492306	0.003664	73.9
961	0.023848	573.600001	0.492968	0.004043	77.5
962	0.025493	572.800001	0.493632	0.003849	74.7
963	0.025159	572.000001	0.494298	0.004077	78.9
964	0.023910	571.200001	0.494966	0.004995	71.4
965	0.025256	570.400001	0.495635	0.005707	75.5
966	0.024082	569.600001	0.496307	0.005894	72.9
967	0.022079	570.600001	0.495468	0.005726	72.4
968	0.019188	571.600001	0.494632	0.006031	73.8
969	0.024300	572.600001	0.493799	0.004491	73.3
970	0.020664	571.800001	0.494465	0.003954	70.6
971	0.023057	571.000001	0.495133	0.005166	80.6
972	0.023666	570.200001	0.495803	0.006025	72.9
973	0.023873	569.400001	0.496475	0.005757	73.6
974	0.024282	570.400001	0.495635	0.006972	80.4
975	0.024070	571.400001	0.494799	0.007656	73.3
976	0.025804	572.400001	0.493965	0.008058	75.4
977	0.024102	573.400001	0.493134	0.008445	71.9
978	0.023559	574.400001	0.492306	0.008081	73.6
979	0.022174	575.400001	0.491480	0.006359	76.6
980	0.023479	576.400001	0.490658	0.005176	75.2
981	0.023665	575.600001	0.491315	0.004581	72.3
982	0.024993	574.800001	0.491975	0.004588	75.2
983	0.025838	574.000001	0.492637	0.004574	75.1
984	0.026025	573.200001	0.493300	0.005529	76.2
985	0.025476	572.400001	0.493965	0.005742	74.6
986	0.024931	573.400001	0.493134	0.004764	72.4
987	0.026408	572.600001	0.493799	0.004394	73.5
988	0.023617	571.800001	0.494465	0.006475	74.6
989	0.021857	571.000001	0.495133	0.008538	76.1
990	0.023978	572.000001	0.494298	0.007688	75.6
991	0.025297	573.000001	0.493466	0.005650	74.7
992	0.024140	574.000001	0.492637	0.005819	76.5
993	0.024022	575.000001	0.491810	0.007206	71.6
994	0.026465	576.000001	0.490986	0.007713	74.7
995	0.022868	577.000001	0.490165	0.008310	70.9
996	0.024044	578.000001	0.489347	0.007603	74.0
997	0.024251	579.000001	0.488531	0.006273	75.2
998	0.025192	580.000001	0.487718	0.005240	73.6
999	0.025384	581.000001	0.486908	0.005257	77.3
